%!PS-Adobe-3.0 EPSF-3.0
%%Creator: cairo 1.16.0 (https://cairographics.org)
%%CreationDate: Wed Jul 28 21:10:19 2021
%%Pages: 1
%%DocumentData: Clean7Bit
%%LanguageLevel: 2
%%BoundingBox: 0 0 432 216
%%EndComments
%%BeginProlog
50 dict begin
/q { gsave } bind def
/Q { grestore } bind def
/cm { 6 array astore concat } bind def
/w { setlinewidth } bind def
/J { setlinecap } bind def
/j { setlinejoin } bind def
/M { setmiterlimit } bind def
/d { setdash } bind def
/m { moveto } bind def
/l { lineto } bind def
/c { curveto } bind def
/h { closepath } bind def
/re { exch dup neg 3 1 roll 5 3 roll moveto 0 rlineto
      0 exch rlineto 0 rlineto closepath } bind def
/S { stroke } bind def
/f { fill } bind def
/f* { eofill } bind def
/n { newpath } bind def
/W { clip } bind def
/W* { eoclip } bind def
/BT { } bind def
/ET { } bind def
/BDC { mark 3 1 roll /BDC pdfmark } bind def
/EMC { mark /EMC pdfmark } bind def
/cairo_store_point { /cairo_point_y exch def /cairo_point_x exch def } def
/Tj { show currentpoint cairo_store_point } bind def
/TJ {
  {
    dup
    type /stringtype eq
    { show } { -0.001 mul 0 cairo_font_matrix dtransform rmoveto } ifelse
  } forall
  currentpoint cairo_store_point
} bind def
/cairo_selectfont { cairo_font_matrix aload pop pop pop 0 0 6 array astore
    cairo_font exch selectfont cairo_point_x cairo_point_y moveto } bind def
/Tf { pop /cairo_font exch def /cairo_font_matrix where
      { pop cairo_selectfont } if } bind def
/Td { matrix translate cairo_font_matrix matrix concatmatrix dup
      /cairo_font_matrix exch def dup 4 get exch 5 get cairo_store_point
      /cairo_font where { pop cairo_selectfont } if } bind def
/Tm { 2 copy 8 2 roll 6 array astore /cairo_font_matrix exch def
      cairo_store_point /cairo_font where { pop cairo_selectfont } if } bind def
/g { setgray } bind def
/rg { setrgbcolor } bind def
/d1 { setcachedevice } bind def
/cairo_data_source {
  CairoDataIndex CairoData length lt
    { CairoData CairoDataIndex get /CairoDataIndex CairoDataIndex 1 add def }
    { () } ifelse
} def
/cairo_flush_ascii85_file { cairo_ascii85_file status { cairo_ascii85_file flushfile } if } def
/cairo_image { image cairo_flush_ascii85_file } def
/cairo_imagemask { imagemask cairo_flush_ascii85_file } def
%%EndProlog
%%BeginSetup
%%EndSetup
%%Page: 1 1
%%BeginPageSetup
%%PageBoundingBox: 0 0 432 216
%%EndPageSetup
q 0 0 432 216 rectclip
1 0 0 -1 0 216 cm q
1 g
0 0 432 216 rectfill
54.246 19.117 152.012 154.922 re f
Q q
54.246 19.117 152.012 154.922 re W n
q
54 19 153 156 re W n
  q
0.121569 0.466667 0.705882 rg
180.312 153.109 m 180.785 153.109 l 180.785 152.641 l 181.254 152.641 l
 181.254 152.168 l 180.785 152.168 l 180.785 151.695 l 180.312 151.695 l
 180.312 152.168 l 179.84 152.168 l 179.84 152.641 l 180.312 152.641 l h
180.312 153.109 m f
75.238 150.109 m 75.711 150.109 l 75.711 149.637 l 76.184 149.637 l 76.184
 149.168 l 75.711 149.168 l 75.711 148.695 l 75.238 148.695 l 75.238 149.168
 l 74.77 149.168 l 74.77 149.637 l 75.238 149.637 l h
75.238 150.109 m f
78.184 146.531 m 78.656 146.531 l 78.656 146.059 l 79.125 146.059 l 79.125
 145.586 l 78.656 145.586 l 78.656 145.117 l 78.184 145.117 l 78.184 145.586
 l 77.711 145.586 l 77.711 146.059 l 78.184 146.059 l h
78.184 146.531 m f
81.695 142.285 m 82.168 142.285 l 82.168 141.816 l 82.641 141.816 l 82.641
 141.344 l 82.168 141.344 l 82.168 140.871 l 81.695 140.871 l 81.695 141.344
 l 81.227 141.344 l 81.227 141.816 l 81.695 141.816 l h
81.695 142.285 m f
85.859 137.152 m 86.332 137.152 l 86.332 136.68 l 86.801 136.68 l 86.801
 136.211 l 86.332 136.211 l 86.332 135.738 l 85.859 135.738 l 85.859 136.211
 l 85.387 136.211 l 85.387 136.68 l 85.859 136.68 l h
85.859 137.152 m f
90.898 130.621 m 91.367 130.621 l 91.367 130.152 l 91.84 130.152 l 91.84
 129.68 l 91.367 129.68 l 91.367 129.207 l 90.898 129.207 l 90.898 129.68
 l 90.426 129.68 l 90.426 130.152 l 90.898 130.152 l h
90.898 130.621 m f
97.305 121.91 m 97.777 121.91 l 97.777 121.438 l 98.246 121.438 l 98.246
 120.965 l 97.777 120.965 l 97.777 120.496 l 97.305 120.496 l 97.305 120.965
 l 96.832 120.965 l 96.832 121.438 l 97.305 121.438 l h
97.305 121.91 m f
105.855 109.129 m 106.324 109.129 l 106.324 108.66 l 106.797 108.66 l 106.797
 108.188 l 106.324 108.188 l 106.324 107.715 l 105.855 107.715 l 105.855
 108.188 l 105.383 108.188 l 105.383 108.66 l 105.855 108.66 l h
105.855 109.129 m f
118.395 84.273 m 118.863 84.273 l 118.863 83.801 l 119.336 83.801 l 119.336
 83.328 l 118.863 83.328 l 118.863 82.859 l 118.395 82.859 l 118.395 83.328
 l 117.922 83.328 l 117.922 83.801 l 118.395 83.801 l h
118.395 84.273 m f
142.785 102.16 m 143.254 102.16 l 143.254 101.688 l 143.727 101.688 l 143.727
 101.219 l 143.254 101.219 l 143.254 100.746 l 142.785 100.746 l 142.785
 101.219 l 142.312 101.219 l 142.312 101.688 l 142.785 101.688 l h
142.785 102.16 m f
125.23 55.832 m 125.703 55.832 l 125.703 55.359 l 126.176 55.359 l 126.176
 54.891 l 125.703 54.891 l 125.703 54.418 l 125.23 54.418 l 125.23 54.891
 l 124.762 54.891 l 124.762 55.359 l 125.23 55.359 l h
125.23 55.832 m f
170.691 141.734 m 171.16 141.734 l 171.16 141.266 l 171.633 141.266 l 171.633
 140.793 l 171.16 140.793 l 171.16 140.32 l 170.691 140.32 l 170.691 140.793
 l 170.219 140.793 l 170.219 141.266 l 170.691 141.266 l h
170.691 141.734 m f
86.402 136.422 m 86.871 136.422 l 86.871 135.949 l 87.344 135.949 l 87.344
 135.48 l 86.871 135.48 l 86.871 135.008 l 86.402 135.008 l 86.402 135.48
 l 85.93 135.48 l 85.93 135.949 l 86.402 135.949 l h
86.402 136.422 m f
91.613 129.719 m 92.086 129.719 l 92.086 129.25 l 92.559 129.25 l 92.559
 128.777 l 92.086 128.777 l 92.086 128.305 l 91.613 128.305 l 91.613 128.777
 l 91.141 128.777 l 91.141 129.25 l 91.613 129.25 l h
91.613 129.719 m f
98.191 120.656 m 98.66 120.656 l 98.66 120.184 l 99.133 120.184 l 99.133
 119.715 l 98.66 119.715 l 98.66 119.242 l 98.191 119.242 l 98.191 119.715
 l 97.719 119.715 l 97.719 120.184 l 98.191 120.184 l h
98.191 120.656 m f
107.082 107.133 m 107.555 107.133 l 107.555 106.664 l 108.027 106.664 l
 108.027 106.191 l 107.555 106.191 l 107.555 105.719 l 107.082 105.719 l
 107.082 106.191 l 106.613 106.191 l 106.613 106.664 l 107.082 106.664 l
 h
107.082 107.133 m f
120.352 78.789 m 120.824 78.789 l 120.824 78.316 l 121.293 78.316 l 121.293
 77.848 l 120.824 77.848 l 120.824 77.375 l 120.352 77.375 l 120.352 77.848
 l 119.879 77.848 l 119.879 78.316 l 120.352 78.316 l h
120.352 78.789 m f
148.164 111.121 m 148.637 111.121 l 148.637 110.652 l 149.105 110.652 l
 149.105 110.18 l 148.637 110.18 l 148.637 109.707 l 148.164 109.707 l 148.164
 110.18 l 147.691 110.18 l 147.691 110.652 l 148.164 110.652 l h
148.164 111.121 m f
116.438 89.176 m 116.91 89.176 l 116.91 88.703 l 117.383 88.703 l 117.383
 88.234 l 116.91 88.234 l 116.91 87.762 l 116.438 87.762 l 116.438 88.234
 l 115.969 88.234 l 115.969 88.703 l 116.438 88.703 l h
116.438 89.176 m f
137.973 92.785 m 138.445 92.785 l 138.445 92.312 l 138.914 92.312 l 138.914
 91.84 l 138.445 91.84 l 138.445 91.371 l 137.973 91.371 l 137.973 91.84
 l 137.5 91.84 l 137.5 92.312 l 137.973 92.312 l h
137.973 92.785 m f
134.434 84.543 m 134.902 84.543 l 134.902 84.074 l 135.375 84.074 l 135.375
 83.602 l 134.902 83.602 l 134.902 83.129 l 134.434 83.129 l 134.434 83.602
 l 133.961 83.602 l 133.961 84.074 l 134.434 84.074 l h
134.434 84.543 m f
142.516 101.672 m 142.988 101.672 l 142.988 101.203 l 143.461 101.203 l
 143.461 100.73 l 142.988 100.73 l 142.988 100.258 l 142.516 100.258 l 142.516
 100.73 l 142.047 100.73 l 142.047 101.203 l 142.516 101.203 l h
142.516 101.672 m f
125.711 50.562 m 126.18 50.562 l 126.18 50.094 l 126.652 50.094 l 126.652
 49.621 l 126.18 49.621 l 126.18 49.148 l 125.711 49.148 l 125.711 49.621
 l 125.238 49.621 l 125.238 50.094 l 125.711 50.094 l h
125.711 50.562 m f
175.859 147.922 m 176.332 147.922 l 176.332 147.449 l 176.801 147.449 l
 176.801 146.98 l 176.332 146.98 l 176.332 146.508 l 175.859 146.508 l 175.859
 146.98 l 175.387 146.98 l 175.387 147.449 l 175.859 147.449 l h
175.859 147.922 m f
80.328 144.031 m 80.801 144.031 l 80.801 143.559 l 81.273 143.559 l 81.273
 143.09 l 80.801 143.09 l 80.801 142.617 l 80.328 142.617 l 80.328 143.09
 l 79.859 143.09 l 79.859 143.559 l 80.328 143.559 l h
80.328 144.031 m f
84.148 139.219 m 84.617 139.219 l 84.617 138.746 l 85.09 138.746 l 85.09
 138.277 l 84.617 138.277 l 84.617 137.805 l 84.148 137.805 l 84.148 138.277
 l 83.676 138.277 l 83.676 138.746 l 84.148 138.746 l h
84.148 139.219 m f
88.871 133.27 m 89.34 133.27 l 89.34 132.797 l 89.812 132.797 l 89.812 
132.328 l 89.34 132.328 l 89.34 131.855 l 88.871 131.855 l 88.871 132.328
 l 88.398 132.328 l 88.398 132.797 l 88.871 132.797 l h
88.871 133.27 m f
94.707 125.52 m 95.18 125.52 l 95.18 125.047 l 95.648 125.047 l 95.648 
124.578 l 95.18 124.578 l 95.18 124.105 l 94.707 124.105 l 94.707 124.578
 l 94.234 124.578 l 94.234 125.047 l 94.707 125.047 l h
94.707 125.52 m f
102.312 114.648 m 102.785 114.648 l 102.785 114.18 l 103.254 114.18 l 103.254
 113.707 l 102.785 113.707 l 102.785 113.234 l 102.312 113.234 l 102.312
 113.707 l 101.84 113.707 l 101.84 114.18 l 102.312 114.18 l h
102.312 114.648 m f
112.977 96.559 m 113.449 96.559 l 113.449 96.086 l 113.918 96.086 l 113.918
 95.613 l 113.449 95.613 l 113.449 95.145 l 112.977 95.145 l 112.977 95.613
 l 112.504 95.613 l 112.504 96.086 l 112.977 96.086 l h
112.977 96.559 m f
130.73 73.387 m 131.199 73.387 l 131.199 72.914 l 131.672 72.914 l 131.672
 72.441 l 131.199 72.441 l 131.199 71.973 l 130.73 71.973 l 130.73 72.441
 l 130.258 72.441 l 130.258 72.914 l 130.73 72.914 l h
130.73 73.387 m f
153.465 119.129 m 153.938 119.129 l 153.938 118.656 l 154.41 118.656 l 
154.41 118.184 l 153.938 118.184 l 153.938 117.715 l 153.465 117.715 l 153.465
 118.184 l 152.996 118.184 l 152.996 118.656 l 153.465 118.656 l h
153.465 119.129 m f
108.582 104.531 m 109.055 104.531 l 109.055 104.059 l 109.527 104.059 l
 109.527 103.59 l 109.055 103.59 l 109.055 103.117 l 108.582 103.117 l 108.582
 103.59 l 108.113 103.59 l 108.113 104.059 l 108.582 104.059 l h
108.582 104.531 m f
122.906 69.652 m 123.379 69.652 l 123.379 69.18 l 123.848 69.18 l 123.848
 68.711 l 123.379 68.711 l 123.379 68.238 l 122.906 68.238 l 122.906 68.711
 l 122.434 68.711 l 122.434 69.18 l 122.906 69.18 l h
122.906 69.652 m f
157.129 124.258 m 157.602 124.258 l 157.602 123.785 l 158.07 123.785 l 
158.07 123.316 l 157.602 123.316 l 157.602 122.844 l 157.129 122.844 l 157.129
 123.316 l 156.656 123.316 l 156.656 123.785 l 157.129 123.785 l h
157.129 124.258 m f
103.551 112.734 m 104.02 112.734 l 104.02 112.262 l 104.492 112.262 l 104.492
 111.789 l 104.02 111.789 l 104.02 111.32 l 103.551 111.32 l 103.551 111.789
 l 103.078 111.789 l 103.078 112.262 l 103.551 112.262 l h
103.551 112.734 m f
114.855 92.648 m 115.328 92.648 l 115.328 92.18 l 115.801 92.18 l 115.801
 91.707 l 115.328 91.707 l 115.328 91.234 l 114.855 91.234 l 114.855 91.707
 l 114.387 91.707 l 114.387 92.18 l 114.855 92.18 l h
114.855 92.648 m f
134.562 85 m 135.035 85 l 135.035 84.527 l 135.508 84.527 l 135.508 84.055
 l 135.035 84.055 l 135.035 83.586 l 134.562 83.586 l 134.562 84.055 l 134.094
 84.055 l 134.094 84.527 l 134.562 84.527 l h
134.562 85 m f
142.07 100.867 m 142.543 100.867 l 142.543 100.398 l 143.012 100.398 l 
143.012 99.926 l 142.543 99.926 l 142.543 99.453 l 142.07 99.453 l 142.07
 99.926 l 141.598 99.926 l 141.598 100.398 l 142.07 100.398 l h
142.07 100.867 m f
126.5 39.102 m 126.973 39.102 l 126.973 38.629 l 127.441 38.629 l 127.441
 38.16 l 126.973 38.16 l 126.973 37.688 l 126.5 37.688 l 126.5 38.16 l 126.027
 38.16 l 126.027 38.629 l 126.5 38.629 l h
126.5 39.102 m f
187.105 161.062 m 187.578 161.062 l 187.578 160.59 l 188.047 160.59 l 188.047
 160.121 l 187.578 160.121 l 187.578 159.648 l 187.105 159.648 l 187.105
 160.121 l 186.633 160.121 l 186.633 160.59 l 187.105 160.59 l h
187.105 161.062 m f
67.438 159.148 m 67.906 159.148 l 67.906 158.68 l 68.379 158.68 l 68.379
 158.207 l 67.906 158.207 l 67.906 157.734 l 67.438 157.734 l 67.438 158.207
 l 66.965 158.207 l 66.965 158.68 l 67.438 158.68 l h
67.438 159.148 m f
69.312 156.953 m 69.785 156.953 l 69.785 156.484 l 70.254 156.484 l 70.254
 156.012 l 69.785 156.012 l 69.785 155.539 l 69.312 155.539 l 69.312 156.012
 l 68.84 156.012 l 68.84 156.484 l 69.312 156.484 l h
69.312 156.953 m f
71.469 154.52 m 71.938 154.52 l 71.938 154.051 l 72.41 154.051 l 72.41 
153.578 l 71.938 153.578 l 71.938 153.105 l 71.469 153.105 l 71.469 153.578
 l 70.996 153.578 l 70.996 154.051 l 71.469 154.051 l h
71.469 154.52 m f
73.855 151.691 m 74.328 151.691 l 74.328 151.219 l 74.797 151.219 l 74.797
 150.746 l 74.328 150.746 l 74.328 150.277 l 73.855 150.277 l 73.855 150.746
 l 73.383 150.746 l 73.383 151.219 l 73.855 151.219 l h
73.855 151.691 m f
76.633 148.375 m 77.105 148.375 l 77.105 147.902 l 77.574 147.902 l 77.574
 147.43 l 77.105 147.43 l 77.105 146.961 l 76.633 146.961 l 76.633 147.43
 l 76.16 147.43 l 76.16 147.902 l 76.633 147.902 l h
76.633 148.375 m f
79.887 144.484 m 80.359 144.484 l 80.359 144.012 l 80.828 144.012 l 80.828
 143.543 l 80.359 143.543 l 80.359 143.07 l 79.887 143.07 l 79.887 143.543
 l 79.414 143.543 l 79.414 144.012 l 79.887 144.012 l h
79.887 144.484 m f
83.703 139.84 m 84.176 139.84 l 84.176 139.367 l 84.645 139.367 l 84.645
 138.898 l 84.176 138.898 l 84.176 138.426 l 83.703 138.426 l 83.703 138.898
 l 83.23 138.898 l 83.23 139.367 l 83.703 139.367 l h
83.703 139.84 m f
88.262 134.082 m 88.73 134.082 l 88.73 133.609 l 89.203 133.609 l 89.203
 133.137 l 88.73 133.137 l 88.73 132.668 l 88.262 132.668 l 88.262 133.137
 l 87.789 133.137 l 87.789 133.609 l 88.262 133.609 l h
88.262 134.082 m f
93.91 126.602 m 94.383 126.602 l 94.383 126.133 l 94.855 126.133 l 94.855
 125.66 l 94.383 125.66 l 94.383 125.188 l 93.91 125.188 l 93.91 125.66 
l 93.441 125.66 l 93.441 126.133 l 93.91 126.133 l h
93.91 126.602 m f
101.25 116.297 m 101.719 116.297 l 101.719 115.824 l 102.191 115.824 l 
102.191 115.352 l 101.719 115.352 l 101.719 114.883 l 101.25 114.883 l 101.25
 115.352 l 100.777 115.352 l 100.777 115.824 l 101.25 115.824 l h
101.25 116.297 m f
111.363 99.574 m 111.832 99.574 l 111.832 99.102 l 112.305 99.102 l 112.305
 98.633 l 111.832 98.633 l 111.832 98.16 l 111.363 98.16 l 111.363 98.633
 l 110.891 98.633 l 110.891 99.102 l 111.363 99.102 l h
111.363 99.574 m f
127.77 58.234 m 128.242 58.234 l 128.242 57.762 l 128.711 57.762 l 128.711
 57.289 l 128.242 57.289 l 128.242 56.82 l 127.77 56.82 l 127.77 57.289 
l 127.297 57.289 l 127.297 57.762 l 127.77 57.762 l h
127.77 58.234 m f
168.332 138.832 m 168.805 138.832 l 168.805 138.359 l 169.277 138.359 l
 169.277 137.891 l 168.805 137.891 l 168.805 137.418 l 168.332 137.418 l
 168.332 137.891 l 167.863 137.891 l 167.863 138.359 l 168.332 138.359 l
 h
168.332 138.832 m f
89.25 132.801 m 89.719 132.801 l 89.719 132.328 l 90.191 132.328 l 90.191
 131.855 l 89.719 131.855 l 89.719 131.387 l 89.25 131.387 l 89.25 131.855
 l 88.777 131.855 l 88.777 132.328 l 89.25 132.328 l h
89.25 132.801 m f
95.168 124.844 m 95.641 124.844 l 95.641 124.371 l 96.113 124.371 l 96.113
 123.902 l 95.641 123.902 l 95.641 123.43 l 95.168 123.43 l 95.168 123.902
 l 94.699 123.902 l 94.699 124.371 l 95.168 124.371 l h
95.168 124.844 m f
102.977 113.609 m 103.445 113.609 l 103.445 113.137 l 103.918 113.137 l
 103.918 112.668 l 103.445 112.668 l 103.445 112.195 l 102.977 112.195 l
 102.977 112.668 l 102.504 112.668 l 102.504 113.137 l 102.977 113.137 l
 h
102.977 113.609 m f
113.996 94.465 m 114.469 94.465 l 114.469 93.992 l 114.941 93.992 l 114.941
 93.52 l 114.469 93.52 l 114.469 93.051 l 113.996 93.051 l 113.996 93.52
 l 113.527 93.52 l 113.527 93.992 l 113.996 93.992 l h
113.996 94.465 m f
132.785 80.047 m 133.254 80.047 l 133.254 79.574 l 133.727 79.574 l 133.727
 79.102 l 133.254 79.102 l 133.254 78.633 l 132.785 78.633 l 132.785 79.102
 l 132.312 79.102 l 132.312 79.574 l 132.785 79.574 l h
132.785 80.047 m f
146.93 109.117 m 147.402 109.117 l 147.402 108.645 l 147.875 108.645 l 
147.875 108.172 l 147.402 108.172 l 147.402 107.703 l 146.93 107.703 l 146.93
 108.172 l 146.461 108.172 l 146.461 108.645 l 146.93 108.645 l h
146.93 109.117 m f
118.406 84.238 m 118.879 84.238 l 118.879 83.766 l 119.352 83.766 l 119.352
 83.293 l 118.879 83.293 l 118.879 82.824 l 118.406 82.824 l 118.406 83.293
 l 117.938 83.293 l 117.938 83.766 l 118.406 83.766 l h
118.406 84.238 m f
142.816 102.195 m 143.289 102.195 l 143.289 101.723 l 143.762 101.723 l
 143.762 101.25 l 143.289 101.25 l 143.289 100.781 l 142.816 100.781 l 142.816
 101.25 l 142.348 101.25 l 142.348 101.723 l 142.816 101.723 l h
142.816 102.195 m f
125.199 56.133 m 125.672 56.133 l 125.672 55.664 l 126.141 55.664 l 126.141
 55.191 l 125.672 55.191 l 125.672 54.719 l 125.199 54.719 l 125.199 55.191
 l 124.727 55.191 l 124.727 55.664 l 125.199 55.664 l h
125.199 56.133 m f
170.395 141.359 m 170.863 141.359 l 170.863 140.887 l 171.336 140.887 l
 171.336 140.418 l 170.863 140.418 l 170.863 139.945 l 170.395 139.945 l
 170.395 140.418 l 169.922 140.418 l 169.922 140.887 l 170.395 140.887 l
 h
170.395 141.359 m f
86.77 136.02 m 87.242 136.02 l 87.242 135.547 l 87.711 135.547 l 87.711
 135.074 l 87.242 135.074 l 87.242 134.605 l 86.77 134.605 l 86.77 135.074
 l 86.297 135.074 l 86.297 135.547 l 86.77 135.547 l h
86.77 136.02 m f
92.012 129.125 m 92.48 129.125 l 92.48 128.656 l 92.953 128.656 l 92.953
 128.184 l 92.48 128.184 l 92.48 127.711 l 92.012 127.711 l 92.012 128.184
 l 91.539 128.184 l 91.539 128.656 l 92.012 128.656 l h
92.012 129.125 m f
98.773 119.809 m 99.246 119.809 l 99.246 119.34 l 99.715 119.34 l 99.715
 118.867 l 99.246 118.867 l 99.246 118.395 l 98.773 118.395 l 98.773 118.867
 l 98.301 118.867 l 98.301 119.34 l 98.773 119.34 l h
98.773 119.809 m f
107.914 105.727 m 108.387 105.727 l 108.387 105.258 l 108.855 105.258 l
 108.855 104.785 l 108.387 104.785 l 108.387 104.312 l 107.914 104.312 l
 107.914 104.785 l 107.441 104.785 l 107.441 105.258 l 107.914 105.258 l
 h
107.914 105.727 m f
121.73 74.25 m 122.203 74.25 l 122.203 73.777 l 122.676 73.777 l 122.676
 73.305 l 122.203 73.305 l 122.203 72.836 l 121.73 72.836 l 121.73 73.305
 l 121.262 73.305 l 121.262 73.777 l 121.73 73.777 l h
121.73 74.25 m f
152.617 117.895 m 153.09 117.895 l 153.09 117.426 l 153.562 117.426 l 153.562
 116.953 l 153.09 116.953 l 153.09 116.48 l 152.617 116.48 l 152.617 116.953
 l 152.148 116.953 l 152.148 117.426 l 152.617 117.426 l h
152.617 117.895 m f
109.793 102.441 m 110.266 102.441 l 110.266 101.969 l 110.734 101.969 l
 110.734 101.5 l 110.266 101.5 l 110.266 101.027 l 109.793 101.027 l 109.793
 101.5 l 109.32 101.5 l 109.32 101.969 l 109.793 101.969 l h
109.793 102.441 m f
124.957 58.312 m 125.43 58.312 l 125.43 57.844 l 125.898 57.844 l 125.898
 57.371 l 125.43 57.371 l 125.43 56.898 l 124.957 56.898 l 124.957 57.371
 l 124.484 57.371 l 124.484 57.844 l 124.957 57.844 l h
124.957 58.312 m f
168.254 138.695 m 168.727 138.695 l 168.727 138.223 l 169.199 138.223 l
 169.199 137.754 l 168.727 137.754 l 168.727 137.281 l 168.254 137.281 l
 168.254 137.754 l 167.785 137.754 l 167.785 138.223 l 168.254 138.223 l
 h
168.254 138.695 m f
89.383 132.66 m 89.855 132.66 l 89.855 132.188 l 90.324 132.188 l 90.324
 131.719 l 89.855 131.719 l 89.855 131.246 l 89.383 131.246 l 89.383 131.719
 l 88.91 131.719 l 88.91 132.188 l 89.383 132.188 l h
89.383 132.66 m f
95.305 124.645 m 95.777 124.645 l 95.777 124.172 l 96.25 124.172 l 96.25
 123.703 l 95.777 123.703 l 95.777 123.23 l 95.305 123.23 l 95.305 123.703
 l 94.832 123.703 l 94.832 124.172 l 95.305 124.172 l h
95.305 124.645 m f
103.172 113.383 m 103.641 113.383 l 103.641 112.914 l 104.113 112.914 l
 104.113 112.441 l 103.641 112.441 l 103.641 111.969 l 103.172 111.969 l
 103.172 112.441 l 102.699 112.441 l 102.699 112.914 l 103.172 112.914 l
 h
103.172 113.383 m f
114.219 93.934 m 114.691 93.934 l 114.691 93.461 l 115.164 93.461 l 115.164
 92.988 l 114.691 92.988 l 114.691 92.52 l 114.219 92.52 l 114.219 92.988
 l 113.746 92.988 l 113.746 93.461 l 114.219 93.461 l h
114.219 93.934 m f
133.305 81.512 m 133.777 81.512 l 133.777 81.039 l 134.246 81.039 l 134.246
 80.57 l 133.777 80.57 l 133.777 80.098 l 133.305 80.098 l 133.305 80.57
 l 132.832 80.57 l 132.832 81.039 l 133.305 81.039 l h
133.305 81.512 m f
145.492 106.785 m 145.965 106.785 l 145.965 106.312 l 146.434 106.312 l
 146.434 105.844 l 145.965 105.844 l 145.965 105.371 l 145.492 105.371 l
 145.492 105.844 l 145.02 105.844 l 145.02 106.312 l 145.492 106.312 l h
145.492 106.785 m f
120.695 77.695 m 121.164 77.695 l 121.164 77.223 l 121.637 77.223 l 121.637
 76.754 l 121.164 76.754 l 121.164 76.281 l 120.695 76.281 l 120.695 76.754
 l 120.223 76.754 l 120.223 77.223 l 120.695 77.223 l h
120.695 77.695 m f
149.238 112.801 m 149.707 112.801 l 149.707 112.328 l 150.18 112.328 l 
150.18 111.859 l 149.707 111.859 l 149.707 111.387 l 149.238 111.387 l 149.238
 111.859 l 148.766 111.859 l 148.766 112.328 l 149.238 112.328 l h
149.238 112.801 m f
114.793 92.789 m 115.262 92.789 l 115.262 92.32 l 115.734 92.32 l 115.734
 91.848 l 115.262 91.848 l 115.262 91.375 l 114.793 91.375 l 114.793 91.848
 l 114.32 91.848 l 114.32 92.32 l 114.793 92.32 l h
114.793 92.789 m f
134.426 84.52 m 134.898 84.52 l 134.898 84.047 l 135.367 84.047 l 135.367
 83.574 l 134.898 83.574 l 134.898 83.105 l 134.426 83.105 l 134.426 83.574
 l 133.953 83.574 l 133.953 84.047 l 134.426 84.047 l h
134.426 84.52 m f
142.543 101.68 m 143.016 101.68 l 143.016 101.211 l 143.484 101.211 l 143.484
 100.738 l 143.016 100.738 l 143.016 100.266 l 142.543 100.266 l 142.543
 100.738 l 142.07 100.738 l 142.07 101.211 l 142.543 101.211 l h
142.543 101.68 m f
125.703 50.801 m 126.176 50.801 l 126.176 50.328 l 126.645 50.328 l 126.645
 49.859 l 126.176 49.859 l 126.176 49.387 l 125.703 49.387 l 125.703 49.859
 l 125.23 49.859 l 125.23 50.328 l 125.703 50.328 l h
125.703 50.801 m f
175.625 147.672 m 176.098 147.672 l 176.098 147.203 l 176.566 147.203 l
 176.566 146.73 l 176.098 146.73 l 176.098 146.258 l 175.625 146.258 l 175.625
 146.73 l 175.152 146.73 l 175.152 147.203 l 175.625 147.203 l h
175.625 147.672 m f
80.574 143.707 m 81.047 143.707 l 81.047 143.234 l 81.516 143.234 l 81.516
 142.762 l 81.047 142.762 l 81.047 142.293 l 80.574 142.293 l 80.574 142.762
 l 80.102 142.762 l 80.102 143.234 l 80.574 143.234 l h
80.574 143.707 m f
84.465 138.848 m 84.938 138.848 l 84.938 138.375 l 85.41 138.375 l 85.41
 137.902 l 84.938 137.902 l 84.938 137.434 l 84.465 137.434 l 84.465 137.902
 l 83.996 137.902 l 83.996 138.375 l 84.465 138.375 l h
84.465 138.848 m f
89.234 132.781 m 89.707 132.781 l 89.707 132.312 l 90.18 132.312 l 90.18
 131.84 l 89.707 131.84 l 89.707 131.367 l 89.234 131.367 l 89.234 131.84
 l 88.766 131.84 l 88.766 132.312 l 89.234 132.312 l h
89.234 132.781 m f
95.188 124.828 m 95.656 124.828 l 95.656 124.355 l 96.129 124.355 l 96.129
 123.883 l 95.656 123.883 l 95.656 123.414 l 95.188 123.414 l 95.188 123.883
 l 94.715 123.883 l 94.715 124.355 l 95.188 124.355 l h
95.188 124.828 m f
102.992 113.59 m 103.461 113.59 l 103.461 113.117 l 103.934 113.117 l 103.934
 112.645 l 103.461 112.645 l 103.461 112.176 l 102.992 112.176 l 102.992
 112.645 l 102.52 112.645 l 102.52 113.117 l 102.992 113.117 l h
102.992 113.59 m f
114.02 94.426 m 114.488 94.426 l 114.488 93.953 l 114.961 93.953 l 114.961
 93.48 l 114.488 93.48 l 114.488 93.012 l 114.02 93.012 l 114.02 93.48 l
 113.547 93.48 l 113.547 93.953 l 114.02 93.953 l h
114.02 94.426 m f
132.82 80.164 m 133.293 80.164 l 133.293 79.691 l 133.766 79.691 l 133.766
 79.223 l 133.293 79.223 l 133.293 78.75 l 132.82 78.75 l 132.82 79.223 
l 132.352 79.223 l 132.352 79.691 l 132.82 79.691 l h
132.82 80.164 m f
146.816 108.926 m 147.285 108.926 l 147.285 108.457 l 147.758 108.457 l
 147.758 107.984 l 147.285 107.984 l 147.285 107.512 l 146.816 107.512 l
 146.816 107.984 l 146.344 107.984 l 146.344 108.457 l 146.816 108.457 l
 h
146.816 108.926 m f
118.594 83.797 m 119.062 83.797 l 119.062 83.324 l 119.535 83.324 l 119.535
 82.855 l 119.062 82.855 l 119.062 82.383 l 118.594 82.383 l 118.594 82.855
 l 118.121 82.855 l 118.121 83.324 l 118.594 83.324 l h
118.594 83.797 m f
143.25 102.973 m 143.723 102.973 l 143.723 102.5 l 144.191 102.5 l 144.191
 102.027 l 143.723 102.027 l 143.723 101.559 l 143.25 101.559 l 143.25 102.027
 l 142.777 102.027 l 142.777 102.5 l 143.25 102.5 l h
143.25 102.973 m f
124.438 61.832 m 124.906 61.832 l 124.906 61.359 l 125.379 61.359 l 125.379
 60.887 l 124.906 60.887 l 124.906 60.414 l 124.438 60.414 l 124.438 60.887
 l 123.965 60.887 l 123.965 61.359 l 124.438 61.359 l h
124.438 61.832 m f
164.805 134.398 m 165.273 134.398 l 165.273 133.926 l 165.746 133.926 l
 165.746 133.457 l 165.273 133.457 l 165.273 132.984 l 164.805 132.984 l
 164.805 133.457 l 164.332 133.457 l 164.332 133.926 l 164.805 133.926 l
 h
164.805 134.398 m f
93.598 127.016 m 94.07 127.016 l 94.07 126.547 l 94.543 126.547 l 94.543
 126.074 l 94.07 126.074 l 94.07 125.602 l 93.598 125.602 l 93.598 126.074
 l 93.129 126.074 l 93.129 126.547 l 93.598 126.547 l h
93.598 127.016 m f
100.844 116.848 m 101.312 116.848 l 101.312 116.375 l 101.785 116.375 l
 101.785 115.906 l 101.312 115.906 l 101.312 115.434 l 100.844 115.434 l
 100.844 115.906 l 100.371 115.906 l 100.371 116.375 l 100.844 116.375 l
 h
100.844 116.848 m f
110.82 100.547 m 111.293 100.547 l 111.293 100.074 l 111.762 100.074 l 
111.762 99.602 l 111.293 99.602 l 111.293 99.133 l 110.82 99.133 l 110.82
 99.602 l 110.348 99.602 l 110.348 100.074 l 110.82 100.074 l h
110.82 100.547 m f
126.816 47.914 m 127.289 47.914 l 127.289 47.441 l 127.758 47.441 l 127.758
 46.973 l 127.289 46.973 l 127.289 46.5 l 126.816 46.5 l 126.816 46.973 
l 126.344 46.973 l 126.344 47.441 l 126.816 47.441 l h
126.816 47.914 m f
178.461 151.051 m 178.93 151.051 l 178.93 150.582 l 179.402 150.582 l 179.402
 150.109 l 178.93 150.109 l 178.93 149.637 l 178.461 149.637 l 178.461 150.109
 l 177.988 150.109 l 177.988 150.582 l 178.461 150.582 l h
178.461 151.051 m f
77.258 147.66 m 77.73 147.66 l 77.73 147.188 l 78.203 147.188 l 78.203 
146.719 l 77.73 146.719 l 77.73 146.246 l 77.258 146.246 l 77.258 146.719
 l 76.789 146.719 l 76.789 147.188 l 77.258 147.188 l h
77.258 147.66 m f
80.586 143.68 m 81.059 143.68 l 81.059 143.211 l 81.531 143.211 l 81.531
 142.738 l 81.059 142.738 l 81.059 142.266 l 80.586 142.266 l 80.586 142.738
 l 80.113 142.738 l 80.113 143.211 l 80.586 143.211 l h
80.586 143.68 m f
84.492 138.812 m 84.965 138.812 l 84.965 138.344 l 85.434 138.344 l 85.434
 137.871 l 84.965 137.871 l 84.965 137.398 l 84.492 137.398 l 84.492 137.871
 l 84.02 137.871 l 84.02 138.344 l 84.492 138.344 l h
84.492 138.812 m f
89.266 132.742 m 89.738 132.742 l 89.738 132.27 l 90.211 132.27 l 90.211
 131.801 l 89.738 131.801 l 89.738 131.328 l 89.266 131.328 l 89.266 131.801
 l 88.797 131.801 l 88.797 132.27 l 89.266 132.27 l h
89.266 132.742 m f
95.227 124.77 m 95.695 124.77 l 95.695 124.301 l 96.168 124.301 l 96.168
 123.828 l 95.695 123.828 l 95.695 123.355 l 95.227 123.355 l 95.227 123.828
 l 94.754 123.828 l 94.754 124.301 l 95.227 124.301 l h
95.227 124.77 m f
103.047 113.578 m 103.516 113.578 l 103.516 113.105 l 103.988 113.105 l
 103.988 112.637 l 103.516 112.637 l 103.516 112.164 l 103.047 112.164 l
 103.047 112.637 l 102.574 112.637 l 102.574 113.105 l 103.047 113.105 l
 h
103.047 113.578 m f
114.027 94.398 m 114.5 94.398 l 114.5 93.926 l 114.973 93.926 l 114.973
 93.457 l 114.5 93.457 l 114.5 92.984 l 114.027 92.984 l 114.027 93.457 
l 113.559 93.457 l 113.559 93.926 l 114.027 93.926 l h
114.027 94.398 m f
132.848 80.285 m 133.32 80.285 l 133.32 79.816 l 133.789 79.816 l 133.789
 79.344 l 133.32 79.344 l 133.32 78.871 l 132.848 78.871 l 132.848 79.344
 l 132.375 79.344 l 132.375 79.816 l 132.848 79.816 l h
132.848 80.285 m f
146.695 108.734 m 147.168 108.734 l 147.168 108.262 l 147.637 108.262 l
 147.637 107.789 l 147.168 107.789 l 147.168 107.316 l 146.695 107.316 l
 146.695 107.789 l 146.223 107.789 l 146.223 108.262 l 146.695 108.262 l
 h
146.695 108.734 m f
118.785 83.324 m 119.254 83.324 l 119.254 82.852 l 119.727 82.852 l 119.727
 82.383 l 119.254 82.383 l 119.254 81.91 l 118.785 81.91 l 118.785 82.383
 l 118.312 82.383 l 118.312 82.852 l 118.785 82.852 l h
118.785 83.324 m f
143.715 103.82 m 144.184 103.82 l 144.184 103.352 l 144.656 103.352 l 144.656
 102.879 l 144.184 102.879 l 144.184 102.406 l 143.715 102.406 l 143.715
 102.879 l 143.242 102.879 l 143.242 103.352 l 143.715 103.352 l h
143.715 103.82 m f
123.602 66.387 m 124.074 66.387 l 124.074 65.914 l 124.543 65.914 l 124.543
 65.445 l 124.074 65.445 l 124.074 64.973 l 123.602 64.973 l 123.602 65.445
 l 123.129 65.445 l 123.129 65.914 l 123.602 65.914 l h
123.602 66.387 m f
160.332 128.531 m 160.805 128.531 l 160.805 128.062 l 161.277 128.062 l
 161.277 127.59 l 160.805 127.59 l 160.805 127.117 l 160.332 127.117 l 160.332
 127.59 l 159.863 127.59 l 159.863 128.062 l 160.332 128.062 l h
160.332 128.531 m f
99.355 119.074 m 99.828 119.074 l 99.828 118.602 l 100.297 118.602 l 100.297
 118.133 l 99.828 118.133 l 99.828 117.66 l 99.355 117.66 l 99.355 118.133
 l 98.883 118.133 l 98.883 118.602 l 99.355 118.602 l h
99.355 119.074 m f
108.637 104.414 m 109.105 104.414 l 109.105 103.941 l 109.578 103.941 l
 109.578 103.473 l 109.105 103.473 l 109.105 103 l 108.637 103 l 108.637
 103.473 l 108.164 103.473 l 108.164 103.941 l 108.637 103.941 l h
108.637 104.414 m f
123.02 69.105 m 123.492 69.105 l 123.492 68.637 l 123.965 68.637 l 123.965
 68.164 l 123.492 68.164 l 123.492 67.691 l 123.02 67.691 l 123.02 68.164
 l 122.551 68.164 l 122.551 68.637 l 123.02 68.637 l h
123.02 69.105 m f
157.664 124.953 m 158.137 124.953 l 158.137 124.48 l 158.605 124.48 l 158.605
 124.008 l 158.137 124.008 l 158.137 123.539 l 157.664 123.539 l 157.664
 124.008 l 157.191 124.008 l 157.191 124.48 l 157.664 124.48 l h
157.664 124.953 m f
102.867 113.781 m 103.34 113.781 l 103.34 113.312 l 103.812 113.312 l 103.812
 112.84 l 103.34 112.84 l 103.34 112.367 l 102.867 112.367 l 102.867 112.84
 l 102.398 112.84 l 102.398 113.312 l 102.867 113.312 l h
102.867 113.781 m f
113.828 94.77 m 114.301 94.77 l 114.301 94.297 l 114.77 94.297 l 114.77
 93.828 l 114.301 93.828 l 114.301 93.355 l 113.828 93.355 l 113.828 93.828
 l 113.355 93.828 l 113.355 94.297 l 113.828 94.297 l h
113.828 94.77 m f
132.484 79.141 m 132.953 79.141 l 132.953 78.668 l 133.426 78.668 l 133.426
 78.195 l 132.953 78.195 l 132.953 77.727 l 132.484 77.727 l 132.484 78.195
 l 132.012 78.195 l 132.012 78.668 l 132.484 78.668 l h
132.484 79.141 m f
147.82 110.625 m 148.293 110.625 l 148.293 110.152 l 148.762 110.152 l 
148.762 109.684 l 148.293 109.684 l 148.293 109.211 l 147.82 109.211 l 147.82
 109.684 l 147.348 109.684 l 147.348 110.152 l 147.82 110.152 l h
147.82 110.625 m f
116.926 87.977 m 117.398 87.977 l 117.398 87.504 l 117.871 87.504 l 117.871
 87.035 l 117.398 87.035 l 117.398 86.562 l 116.926 86.562 l 116.926 87.035
 l 116.453 87.035 l 116.453 87.504 l 116.926 87.504 l h
116.926 87.977 m f
139.148 95.34 m 139.621 95.34 l 139.621 94.867 l 140.09 94.867 l 140.09
 94.395 l 139.621 94.395 l 139.621 93.926 l 139.148 93.926 l 139.148 94.395
 l 138.676 94.395 l 138.676 94.867 l 139.148 94.867 l h
139.148 95.34 m f
131.926 77.406 m 132.398 77.406 l 132.398 76.938 l 132.867 76.938 l 132.867
 76.465 l 132.398 76.465 l 132.398 75.992 l 131.926 75.992 l 131.926 76.465
 l 131.453 76.465 l 131.453 76.938 l 131.926 76.938 l h
131.926 77.406 m f
149.52 113.227 m 149.992 113.227 l 149.992 112.758 l 150.461 112.758 l 
150.461 112.285 l 149.992 112.285 l 149.992 111.812 l 149.52 111.812 l 149.52
 112.285 l 149.047 112.285 l 149.047 112.758 l 149.52 112.758 l h
149.52 113.227 m f
114.371 93.703 m 114.844 93.703 l 114.844 93.23 l 115.316 93.23 l 115.316
 92.758 l 114.844 92.758 l 114.844 92.289 l 114.371 92.289 l 114.371 92.758
 l 113.902 92.758 l 113.902 93.23 l 114.371 93.23 l h
114.371 93.703 m f
133.531 82.242 m 134.004 82.242 l 134.004 81.77 l 134.473 81.77 l 134.473
 81.297 l 134.004 81.297 l 134.004 80.828 l 133.531 80.828 l 133.531 81.297
 l 133.059 81.297 l 133.059 81.77 l 133.531 81.77 l h
133.531 82.242 m f
144.777 105.672 m 145.25 105.672 l 145.25 105.199 l 145.719 105.199 l 145.719
 104.73 l 145.25 104.73 l 145.25 104.258 l 144.777 104.258 l 144.777 104.73
 l 144.305 104.73 l 144.305 105.199 l 144.777 105.199 l h
144.777 105.672 m f
121.785 74.082 m 122.258 74.082 l 122.258 73.609 l 122.73 73.609 l 122.73
 73.141 l 122.258 73.141 l 122.258 72.668 l 121.785 72.668 l 121.785 73.141
 l 121.316 73.141 l 121.316 73.609 l 121.785 73.609 l h
121.785 74.082 m f
152.781 118.129 m 153.254 118.129 l 153.254 117.66 l 153.727 117.66 l 153.727
 117.188 l 153.254 117.188 l 153.254 116.715 l 152.781 116.715 l 152.781
 117.188 l 152.312 117.188 l 152.312 117.66 l 152.781 117.66 l h
152.781 118.129 m f
109.562 102.844 m 110.035 102.844 l 110.035 102.375 l 110.504 102.375 l
 110.504 101.902 l 110.035 101.902 l 110.035 101.43 l 109.562 101.43 l 109.562
 101.902 l 109.09 101.902 l 109.09 102.375 l 109.562 102.375 l h
109.562 102.844 m f
124.559 61.035 m 125.031 61.035 l 125.031 60.562 l 125.504 60.562 l 125.504
 60.094 l 125.031 60.094 l 125.031 59.621 l 124.559 59.621 l 124.559 60.094
 l 124.09 60.094 l 124.09 60.562 l 124.559 60.562 l h
124.559 61.035 m f
165.586 135.398 m 166.055 135.398 l 166.055 134.926 l 166.527 134.926 l
 166.527 134.457 l 166.055 134.457 l 166.055 133.984 l 165.586 133.984 l
 165.586 134.457 l 165.113 134.457 l 165.113 134.926 l 165.586 134.926 l
 h
165.586 135.398 m f
92.617 128.395 m 93.09 128.395 l 93.09 127.926 l 93.562 127.926 l 93.562
 127.453 l 93.09 127.453 l 93.09 126.98 l 92.617 126.98 l 92.617 127.453
 l 92.145 127.453 l 92.145 127.926 l 92.617 127.926 l h
92.617 128.395 m f
99.488 118.855 m 99.961 118.855 l 99.961 118.383 l 100.434 118.383 l 100.434
 117.914 l 99.961 117.914 l 99.961 117.441 l 99.488 117.441 l 99.488 117.914
 l 99.02 117.914 l 99.02 118.383 l 99.488 118.383 l h
99.488 118.855 m f
108.852 104.043 m 109.32 104.043 l 109.32 103.57 l 109.793 103.57 l 109.793
 103.102 l 109.32 103.102 l 109.32 102.629 l 108.852 102.629 l 108.852 103.102
 l 108.379 103.102 l 108.379 103.57 l 108.852 103.57 l h
108.852 104.043 m f
123.387 67.539 m 123.855 67.539 l 123.855 67.066 l 124.328 67.066 l 124.328
 66.594 l 123.855 66.594 l 123.855 66.125 l 123.387 66.125 l 123.387 66.594
 l 122.914 66.594 l 122.914 67.066 l 123.387 67.066 l h
123.387 67.539 m f
159.203 127.047 m 159.676 127.047 l 159.676 126.574 l 160.145 126.574 l
 160.145 126.102 l 159.676 126.102 l 159.676 125.633 l 159.203 125.633 l
 159.203 126.102 l 158.73 126.102 l 158.73 126.574 l 159.203 126.574 l h
159.203 127.047 m f
100.812 116.863 m 101.285 116.863 l 101.285 116.391 l 101.758 116.391 l
 101.758 115.918 l 101.285 115.918 l 101.285 115.449 l 100.812 115.449 l
 100.812 115.918 l 100.344 115.918 l 100.344 116.391 l 100.812 116.391 l
 h
100.812 116.863 m f
110.805 100.582 m 111.277 100.582 l 111.277 100.113 l 111.75 100.113 l 
111.75 99.641 l 111.277 99.641 l 111.277 99.168 l 110.805 99.168 l 110.805
 99.641 l 110.336 99.641 l 110.336 100.113 l 110.805 100.113 l h
110.805 100.582 m f
126.777 47.191 m 127.25 47.191 l 127.25 46.719 l 127.723 46.719 l 127.723
 46.246 l 127.25 46.246 l 127.25 45.773 l 126.777 45.773 l 126.777 46.246
 l 126.309 46.246 l 126.309 46.719 l 126.777 46.719 l h
126.777 47.191 m f
179.168 151.895 m 179.641 151.895 l 179.641 151.422 l 180.113 151.422 l
 180.113 150.953 l 179.641 150.953 l 179.641 150.48 l 179.168 150.48 l 179.168
 150.953 l 178.699 150.953 l 178.699 151.422 l 179.168 151.422 l h
179.168 151.895 m f
76.434 148.625 m 76.902 148.625 l 76.902 148.152 l 77.375 148.152 l 77.375
 147.68 l 76.902 147.68 l 76.902 147.211 l 76.434 147.211 l 76.434 147.68
 l 75.961 147.68 l 75.961 148.152 l 76.434 148.152 l h
76.434 148.625 m f
79.641 144.852 m 80.113 144.852 l 80.113 144.379 l 80.586 144.379 l 80.586
 143.91 l 80.113 143.91 l 80.113 143.438 l 79.641 143.438 l 79.641 143.91
 l 79.172 143.91 l 79.172 144.379 l 79.641 144.379 l h
79.641 144.852 m f
83.344 140.262 m 83.812 140.262 l 83.812 139.789 l 84.285 139.789 l 84.285
 139.32 l 83.812 139.32 l 83.812 138.848 l 83.344 138.848 l 83.344 139.32
 l 82.871 139.32 l 82.871 139.789 l 83.344 139.789 l h
83.344 140.262 m f
87.848 134.586 m 88.316 134.586 l 88.316 134.113 l 88.789 134.113 l 88.789
 133.641 l 88.316 133.641 l 88.316 133.168 l 87.848 133.168 l 87.848 133.641
 l 87.375 133.641 l 87.375 134.113 l 87.848 134.113 l h
87.848 134.586 m f
93.418 127.273 m 93.891 127.273 l 93.891 126.801 l 94.359 126.801 l 94.359
 126.328 l 93.891 126.328 l 93.891 125.859 l 93.418 125.859 l 93.418 126.328
 l 92.945 126.328 l 92.945 126.801 l 93.418 126.801 l h
93.418 127.273 m f
100.594 117.18 m 101.062 117.18 l 101.062 116.711 l 101.535 116.711 l 101.535
 116.238 l 101.062 116.238 l 101.062 115.766 l 100.594 115.766 l 100.594
 116.238 l 100.121 116.238 l 100.121 116.711 l 100.594 116.711 l h
100.594 117.18 m f
110.492 101.156 m 110.965 101.156 l 110.965 100.684 l 111.438 100.684 l
 111.438 100.215 l 110.965 100.215 l 110.965 99.742 l 110.492 99.742 l 110.492
 100.215 l 110.023 100.215 l 110.023 100.684 l 110.492 100.684 l h
110.492 101.156 m f
126.215 40.32 m 126.688 40.32 l 126.688 39.848 l 127.16 39.848 l 127.16
 39.379 l 126.688 39.379 l 126.688 38.906 l 126.215 38.906 l 126.215 39.379
 l 125.746 39.379 l 125.746 39.848 l 126.215 39.848 l h
126.215 40.32 m f
185.91 159.738 m 186.379 159.738 l 186.379 159.266 l 186.852 159.266 l 
186.852 158.793 l 186.379 158.793 l 186.379 158.324 l 185.91 158.324 l 185.91
 158.793 l 185.438 158.793 l 185.438 159.266 l 185.91 159.266 l h
185.91 159.738 m f
68.738 157.633 m 69.211 157.633 l 69.211 157.16 l 69.68 157.16 l 69.68 
156.691 l 69.211 156.691 l 69.211 156.219 l 68.738 156.219 l 68.738 156.691
 l 68.266 156.691 l 68.266 157.16 l 68.738 157.16 l h
68.738 157.633 m f
70.801 155.262 m 71.273 155.262 l 71.273 154.793 l 71.746 154.793 l 71.746
 154.32 l 71.273 154.32 l 71.273 153.848 l 70.801 153.848 l 70.801 154.32
 l 70.332 154.32 l 70.332 154.793 l 70.801 154.793 l h
70.801 155.262 m f
73.129 152.555 m 73.598 152.555 l 73.598 152.082 l 74.07 152.082 l 74.07
 151.613 l 73.598 151.613 l 73.598 151.141 l 73.129 151.141 l 73.129 151.613
 l 72.656 151.613 l 72.656 152.082 l 73.129 152.082 l h
73.129 152.555 m f
75.785 149.391 m 76.258 149.391 l 76.258 148.922 l 76.727 148.922 l 76.727
 148.449 l 76.258 148.449 l 76.258 147.977 l 75.785 147.977 l 75.785 148.449
 l 75.312 148.449 l 75.312 148.922 l 75.785 148.922 l h
75.785 149.391 m f
78.887 145.684 m 79.359 145.684 l 79.359 145.211 l 79.832 145.211 l 79.832
 144.738 l 79.359 144.738 l 79.359 144.27 l 78.887 144.27 l 78.887 144.738
 l 78.418 144.738 l 78.418 145.211 l 78.887 145.211 l h
78.887 145.684 m f
82.527 141.266 m 83 141.266 l 83 140.797 l 83.473 140.797 l 83.473 140.324
 l 83 140.324 l 83 139.852 l 82.527 139.852 l 82.527 140.324 l 82.059 140.324
 l 82.059 140.797 l 82.527 140.797 l h
82.527 141.266 m f
86.859 135.887 m 87.332 135.887 l 87.332 135.418 l 87.801 135.418 l 87.801
 134.945 l 87.332 134.945 l 87.332 134.473 l 86.859 134.473 l 86.859 134.945
 l 86.387 134.945 l 86.387 135.418 l 86.859 135.418 l h
86.859 135.887 m f
92.137 128.996 m 92.609 128.996 l 92.609 128.527 l 93.082 128.527 l 93.082
 128.055 l 92.609 128.055 l 92.609 127.582 l 92.137 127.582 l 92.137 128.055
 l 91.668 128.055 l 91.668 128.527 l 92.137 128.527 l h
92.137 128.996 m f
98.898 119.684 m 99.371 119.684 l 99.371 119.211 l 99.844 119.211 l 99.844
 118.738 l 99.371 118.738 l 99.371 118.27 l 98.898 118.27 l 98.898 118.738
 l 98.43 118.738 l 98.43 119.211 l 98.898 119.211 l h
98.898 119.684 m f
108.039 105.504 m 108.512 105.504 l 108.512 105.031 l 108.98 105.031 l 
108.98 104.559 l 108.512 104.559 l 108.512 104.09 l 108.039 104.09 l 108.039
 104.559 l 107.566 104.559 l 107.566 105.031 l 108.039 105.031 l h
108.039 105.504 m f
