%!PS-Adobe-3.0 EPSF-3.0
%%Creator: cairo 1.16.0 (https://cairographics.org)
%%CreationDate: Tue Aug  3 17:03:41 2021
%%Pages: 1
%%DocumentData: Clean7Bit
%%LanguageLevel: 2
%%BoundingBox: 0 0 432 216
%%EndComments
%%BeginProlog
50 dict begin
/q { gsave } bind def
/Q { grestore } bind def
/cm { 6 array astore concat } bind def
/w { setlinewidth } bind def
/J { setlinecap } bind def
/j { setlinejoin } bind def
/M { setmiterlimit } bind def
/d { setdash } bind def
/m { moveto } bind def
/l { lineto } bind def
/c { curveto } bind def
/h { closepath } bind def
/re { exch dup neg 3 1 roll 5 3 roll moveto 0 rlineto
      0 exch rlineto 0 rlineto closepath } bind def
/S { stroke } bind def
/f { fill } bind def
/f* { eofill } bind def
/n { newpath } bind def
/W { clip } bind def
/W* { eoclip } bind def
/BT { } bind def
/ET { } bind def
/BDC { mark 3 1 roll /BDC pdfmark } bind def
/EMC { mark /EMC pdfmark } bind def
/cairo_store_point { /cairo_point_y exch def /cairo_point_x exch def } def
/Tj { show currentpoint cairo_store_point } bind def
/TJ {
  {
    dup
    type /stringtype eq
    { show } { -0.001 mul 0 cairo_font_matrix dtransform rmoveto } ifelse
  } forall
  currentpoint cairo_store_point
} bind def
/cairo_selectfont { cairo_font_matrix aload pop pop pop 0 0 6 array astore
    cairo_font exch selectfont cairo_point_x cairo_point_y moveto } bind def
/Tf { pop /cairo_font exch def /cairo_font_matrix where
      { pop cairo_selectfont } if } bind def
/Td { matrix translate cairo_font_matrix matrix concatmatrix dup
      /cairo_font_matrix exch def dup 4 get exch 5 get cairo_store_point
      /cairo_font where { pop cairo_selectfont } if } bind def
/Tm { 2 copy 8 2 roll 6 array astore /cairo_font_matrix exch def
      cairo_store_point /cairo_font where { pop cairo_selectfont } if } bind def
/g { setgray } bind def
/rg { setrgbcolor } bind def
/d1 { setcachedevice } bind def
/cairo_data_source {
  CairoDataIndex CairoData length lt
    { CairoData CairoDataIndex get /CairoDataIndex CairoDataIndex 1 add def }
    { () } ifelse
} def
/cairo_flush_ascii85_file { cairo_ascii85_file status { cairo_ascii85_file flushfile } if } def
/cairo_image { image cairo_flush_ascii85_file } def
/cairo_imagemask { imagemask cairo_flush_ascii85_file } def
%%EndProlog
%%BeginSetup
%%EndSetup
%%Page: 1 1
%%BeginPageSetup
%%PageBoundingBox: 0 0 432 216
%%EndPageSetup
q 0 0 432 216 rectclip
1 0 0 -1 0 216 cm q
1 g
0 0 432 216 rectfill
54.246 19.117 152.012 154.922 re f
Q q
54.246 19.117 152.012 154.922 re W n
q
54 19 153 156 re W n
  q
0.121569 0.466667 0.705882 rg
180.312 153.109 m 180.785 153.109 l 180.785 152.641 l 181.254 152.641 l
 181.254 152.168 l 180.785 152.168 l 180.785 151.695 l 180.312 151.695 l
 180.312 152.168 l 179.84 152.168 l 179.84 152.641 l 180.312 152.641 l h
180.312 153.109 m f
75.238 150.109 m 75.711 150.109 l 75.711 149.637 l 76.184 149.637 l 76.184
 149.168 l 75.711 149.168 l 75.711 148.695 l 75.238 148.695 l 75.238 149.168
 l 74.77 149.168 l 74.77 149.637 l 75.238 149.637 l h
75.238 150.109 m f
78.184 146.531 m 78.656 146.531 l 78.656 146.059 l 79.125 146.059 l 79.125
 145.586 l 78.656 145.586 l 78.656 145.117 l 78.184 145.117 l 78.184 145.586
 l 77.711 145.586 l 77.711 146.059 l 78.184 146.059 l h
78.184 146.531 m f
81.695 142.285 m 82.168 142.285 l 82.168 141.816 l 82.641 141.816 l 82.641
 141.344 l 82.168 141.344 l 82.168 140.871 l 81.695 140.871 l 81.695 141.344
 l 81.227 141.344 l 81.227 141.816 l 81.695 141.816 l h
81.695 142.285 m f
85.859 137.152 m 86.332 137.152 l 86.332 136.68 l 86.801 136.68 l 86.801
 136.211 l 86.332 136.211 l 86.332 135.738 l 85.859 135.738 l 85.859 136.211
 l 85.387 136.211 l 85.387 136.68 l 85.859 136.68 l h
85.859 137.152 m f
90.898 130.621 m 91.367 130.621 l 91.367 130.152 l 91.84 130.152 l 91.84
 129.68 l 91.367 129.68 l 91.367 129.207 l 90.898 129.207 l 90.898 129.68
 l 90.426 129.68 l 90.426 130.152 l 90.898 130.152 l h
90.898 130.621 m f
97.305 121.91 m 97.777 121.91 l 97.777 121.438 l 98.246 121.438 l 98.246
 120.965 l 97.777 120.965 l 97.777 120.496 l 97.305 120.496 l 97.305 120.965
 l 96.832 120.965 l 96.832 121.438 l 97.305 121.438 l h
97.305 121.91 m f
105.855 109.129 m 106.324 109.129 l 106.324 108.66 l 106.797 108.66 l 106.797
 108.188 l 106.324 108.188 l 106.324 107.715 l 105.855 107.715 l 105.855
 108.188 l 105.383 108.188 l 105.383 108.66 l 105.855 108.66 l h
105.855 109.129 m f
118.395 84.273 m 118.863 84.273 l 118.863 83.801 l 119.336 83.801 l 119.336
 83.328 l 118.863 83.328 l 118.863 82.859 l 118.395 82.859 l 118.395 83.328
 l 117.922 83.328 l 117.922 83.801 l 118.395 83.801 l h
118.395 84.273 m f
142.785 102.16 m 143.254 102.16 l 143.254 101.688 l 143.727 101.688 l 143.727
 101.219 l 143.254 101.219 l 143.254 100.746 l 142.785 100.746 l 142.785
 101.219 l 142.312 101.219 l 142.312 101.688 l 142.785 101.688 l h
142.785 102.16 m f
125.23 55.832 m 125.703 55.832 l 125.703 55.359 l 126.176 55.359 l 126.176
 54.891 l 125.703 54.891 l 125.703 54.418 l 125.23 54.418 l 125.23 54.891
 l 124.762 54.891 l 124.762 55.359 l 125.23 55.359 l h
125.23 55.832 m f
170.691 141.734 m 171.16 141.734 l 171.16 141.266 l 171.633 141.266 l 171.633
 140.793 l 171.16 140.793 l 171.16 140.32 l 170.691 140.32 l 170.691 140.793
 l 170.219 140.793 l 170.219 141.266 l 170.691 141.266 l h
170.691 141.734 m f
86.402 136.422 m 86.871 136.422 l 86.871 135.949 l 87.344 135.949 l 87.344
 135.48 l 86.871 135.48 l 86.871 135.008 l 86.402 135.008 l 86.402 135.48
 l 85.93 135.48 l 85.93 135.949 l 86.402 135.949 l h
86.402 136.422 m f
91.613 129.719 m 92.086 129.719 l 92.086 129.25 l 92.559 129.25 l 92.559
 128.777 l 92.086 128.777 l 92.086 128.305 l 91.613 128.305 l 91.613 128.777
 l 91.141 128.777 l 91.141 129.25 l 91.613 129.25 l h
91.613 129.719 m f
98.191 120.656 m 98.66 120.656 l 98.66 120.184 l 99.133 120.184 l 99.133
 119.715 l 98.66 119.715 l 98.66 119.242 l 98.191 119.242 l 98.191 119.715
 l 97.719 119.715 l 97.719 120.184 l 98.191 120.184 l h
98.191 120.656 m f
107.082 107.133 m 107.555 107.133 l 107.555 106.664 l 108.027 106.664 l
 108.027 106.191 l 107.555 106.191 l 107.555 105.719 l 107.082 105.719 l
 107.082 106.191 l 106.613 106.191 l 106.613 106.664 l 107.082 106.664 l
 h
107.082 107.133 m f
120.352 78.789 m 120.824 78.789 l 120.824 78.316 l 121.293 78.316 l 121.293
 77.848 l 120.824 77.848 l 120.824 77.375 l 120.352 77.375 l 120.352 77.848
 l 119.879 77.848 l 119.879 78.316 l 120.352 78.316 l h
120.352 78.789 m f
148.164 111.121 m 148.637 111.121 l 148.637 110.652 l 149.105 110.652 l
 149.105 110.18 l 148.637 110.18 l 148.637 109.707 l 148.164 109.707 l 148.164
 110.18 l 147.691 110.18 l 147.691 110.652 l 148.164 110.652 l h
148.164 111.121 m f
116.438 89.176 m 116.91 89.176 l 116.91 88.703 l 117.383 88.703 l 117.383
 88.234 l 116.91 88.234 l 116.91 87.762 l 116.438 87.762 l 116.438 88.234
 l 115.969 88.234 l 115.969 88.703 l 116.438 88.703 l h
116.438 89.176 m f
137.973 92.785 m 138.445 92.785 l 138.445 92.312 l 138.914 92.312 l 138.914
 91.84 l 138.445 91.84 l 138.445 91.371 l 137.973 91.371 l 137.973 91.84
 l 137.5 91.84 l 137.5 92.312 l 137.973 92.312 l h
137.973 92.785 m f
134.434 84.543 m 134.902 84.543 l 134.902 84.074 l 135.375 84.074 l 135.375
 83.602 l 134.902 83.602 l 134.902 83.129 l 134.434 83.129 l 134.434 83.602
 l 133.961 83.602 l 133.961 84.074 l 134.434 84.074 l h
134.434 84.543 m f
142.516 101.672 m 142.988 101.672 l 142.988 101.203 l 143.461 101.203 l
 143.461 100.73 l 142.988 100.73 l 142.988 100.258 l 142.516 100.258 l 142.516
 100.73 l 142.047 100.73 l 142.047 101.203 l 142.516 101.203 l h
142.516 101.672 m f
125.711 50.562 m 126.18 50.562 l 126.18 50.094 l 126.652 50.094 l 126.652
 49.621 l 126.18 49.621 l 126.18 49.148 l 125.711 49.148 l 125.711 49.621
 l 125.238 49.621 l 125.238 50.094 l 125.711 50.094 l h
125.711 50.562 m f
175.859 147.922 m 176.332 147.922 l 176.332 147.449 l 176.801 147.449 l
 176.801 146.98 l 176.332 146.98 l 176.332 146.508 l 175.859 146.508 l 175.859
 146.98 l 175.387 146.98 l 175.387 147.449 l 175.859 147.449 l h
175.859 147.922 m f
80.328 144.031 m 80.801 144.031 l 80.801 143.559 l 81.273 143.559 l 81.273
 143.09 l 80.801 143.09 l 80.801 142.617 l 80.328 142.617 l 80.328 143.09
 l 79.859 143.09 l 79.859 143.559 l 80.328 143.559 l h
80.328 144.031 m f
84.148 139.219 m 84.617 139.219 l 84.617 138.746 l 85.09 138.746 l 85.09
 138.277 l 84.617 138.277 l 84.617 137.805 l 84.148 137.805 l 84.148 138.277
 l 83.676 138.277 l 83.676 138.746 l 84.148 138.746 l h
84.148 139.219 m f
88.871 133.27 m 89.34 133.27 l 89.34 132.797 l 89.812 132.797 l 89.812 
132.328 l 89.34 132.328 l 89.34 131.855 l 88.871 131.855 l 88.871 132.328
 l 88.398 132.328 l 88.398 132.797 l 88.871 132.797 l h
88.871 133.27 m f
94.707 125.52 m 95.18 125.52 l 95.18 125.047 l 95.648 125.047 l 95.648 
124.578 l 95.18 124.578 l 95.18 124.105 l 94.707 124.105 l 94.707 124.578
 l 94.234 124.578 l 94.234 125.047 l 94.707 125.047 l h
94.707 125.52 m f
102.312 114.648 m 102.785 114.648 l 102.785 114.18 l 103.254 114.18 l 103.254
 113.707 l 102.785 113.707 l 102.785 113.234 l 102.312 113.234 l 102.312
 113.707 l 101.84 113.707 l 101.84 114.18 l 102.312 114.18 l h
102.312 114.648 m f
112.977 96.559 m 113.449 96.559 l 113.449 96.086 l 113.918 96.086 l 113.918
 95.613 l 113.449 95.613 l 113.449 95.145 l 112.977 95.145 l 112.977 95.613
 l 112.504 95.613 l 112.504 96.086 l 112.977 96.086 l h
112.977 96.559 m f
130.73 73.387 m 131.199 73.387 l 131.199 72.914 l 131.672 72.914 l 131.672
 72.441 l 131.199 72.441 l 131.199 71.973 l 130.73 71.973 l 130.73 72.441
 l 130.258 72.441 l 130.258 72.914 l 130.73 72.914 l h
130.73 73.387 m f
153.465 119.129 m 153.938 119.129 l 153.938 118.656 l 154.41 118.656 l 
154.41 118.184 l 153.938 118.184 l 153.938 117.715 l 153.465 117.715 l 153.465
 118.184 l 152.996 118.184 l 152.996 118.656 l 153.465 118.656 l h
153.465 119.129 m f
108.582 104.531 m 109.055 104.531 l 109.055 104.059 l 109.527 104.059 l
 109.527 103.59 l 109.055 103.59 l 109.055 103.117 l 108.582 103.117 l 108.582
 103.59 l 108.113 103.59 l 108.113 104.059 l 108.582 104.059 l h
108.582 104.531 m f
122.906 69.652 m 123.379 69.652 l 123.379 69.18 l 123.848 69.18 l 123.848
 68.711 l 123.379 68.711 l 123.379 68.238 l 122.906 68.238 l 122.906 68.711
 l 122.434 68.711 l 122.434 69.18 l 122.906 69.18 l h
122.906 69.652 m f
157.129 124.258 m 157.602 124.258 l 157.602 123.785 l 158.07 123.785 l 
158.07 123.316 l 157.602 123.316 l 157.602 122.844 l 157.129 122.844 l 157.129
 123.316 l 156.656 123.316 l 156.656 123.785 l 157.129 123.785 l h
157.129 124.258 m f
103.551 112.734 m 104.02 112.734 l 104.02 112.262 l 104.492 112.262 l 104.492
 111.789 l 104.02 111.789 l 104.02 111.32 l 103.551 111.32 l 103.551 111.789
 l 103.078 111.789 l 103.078 112.262 l 103.551 112.262 l h
103.551 112.734 m f
114.859 92.648 m 115.328 92.648 l 115.328 92.18 l 115.801 92.18 l 115.801
 91.707 l 115.328 91.707 l 115.328 91.234 l 114.859 91.234 l 114.859 91.707
 l 114.387 91.707 l 114.387 92.18 l 114.859 92.18 l h
114.859 92.648 m f
134.562 85 m 135.035 85 l 135.035 84.527 l 135.508 84.527 l 135.508 84.059
 l 135.035 84.059 l 135.035 83.586 l 134.562 83.586 l 134.562 84.059 l 134.094
 84.059 l 134.094 84.527 l 134.562 84.527 l h
134.562 85 m f
142.07 100.867 m 142.543 100.867 l 142.543 100.395 l 143.012 100.395 l 
143.012 99.926 l 142.543 99.926 l 142.543 99.453 l 142.07 99.453 l 142.07
 99.926 l 141.598 99.926 l 141.598 100.395 l 142.07 100.395 l h
142.07 100.867 m f
126.5 39.066 m 126.973 39.066 l 126.973 38.598 l 127.441 38.598 l 127.441
 38.125 l 126.973 38.125 l 126.973 37.652 l 126.5 37.652 l 126.5 38.125 
l 126.027 38.125 l 126.027 38.598 l 126.5 38.598 l h
126.5 39.066 m f
187.137 161.094 m 187.609 161.094 l 187.609 160.625 l 188.082 160.625 l
 188.082 160.152 l 187.609 160.152 l 187.609 159.68 l 187.137 159.68 l 187.137
 160.152 l 186.668 160.152 l 186.668 160.625 l 187.137 160.625 l h
187.137 161.094 m f
67.406 159.188 m 67.875 159.188 l 67.875 158.715 l 68.348 158.715 l 68.348
 158.242 l 67.875 158.242 l 67.875 157.773 l 67.406 157.773 l 67.406 158.242
 l 66.934 158.242 l 66.934 158.715 l 67.406 158.715 l h
67.406 159.188 m f
69.277 156.996 m 69.75 156.996 l 69.75 156.523 l 70.223 156.523 l 70.223
 156.051 l 69.75 156.051 l 69.75 155.582 l 69.277 155.582 l 69.277 156.051
 l 68.809 156.051 l 68.809 156.523 l 69.277 156.523 l h
69.277 156.996 m f
71.426 154.57 m 71.898 154.57 l 71.898 154.098 l 72.371 154.098 l 72.371
 153.625 l 71.898 153.625 l 71.898 153.156 l 71.426 153.156 l 71.426 153.625
 l 70.957 153.625 l 70.957 154.098 l 71.426 154.098 l h
71.426 154.57 m f
73.809 151.742 m 74.281 151.742 l 74.281 151.273 l 74.75 151.273 l 74.75
 150.801 l 74.281 150.801 l 74.281 150.328 l 73.809 150.328 l 73.809 150.801
 l 73.336 150.801 l 73.336 151.273 l 73.809 151.273 l h
73.809 151.742 m f
76.582 148.434 m 77.051 148.434 l 77.051 147.961 l 77.523 147.961 l 77.523
 147.488 l 77.051 147.488 l 77.051 147.02 l 76.582 147.02 l 76.582 147.488
 l 76.109 147.488 l 76.109 147.961 l 76.582 147.961 l h
76.582 148.434 m f
79.828 144.551 m 80.301 144.551 l 80.301 144.082 l 80.773 144.082 l 80.773
 143.609 l 80.301 143.609 l 80.301 143.137 l 79.828 143.137 l 79.828 143.609
 l 79.359 143.609 l 79.359 144.082 l 79.828 144.082 l h
79.828 144.551 m f
83.637 139.93 m 84.109 139.93 l 84.109 139.457 l 84.578 139.457 l 84.578
 138.988 l 84.109 138.988 l 84.109 138.516 l 83.637 138.516 l 83.637 138.988
 l 83.164 138.988 l 83.164 139.457 l 83.637 139.457 l h
83.637 139.93 m f
88.172 134.141 m 88.645 134.141 l 88.645 133.672 l 89.113 133.672 l 89.113
 133.199 l 88.645 133.199 l 88.645 132.727 l 88.172 132.727 l 88.172 133.199
 l 87.699 133.199 l 87.699 133.672 l 88.172 133.672 l h
88.172 134.141 m f
93.852 126.676 m 94.324 126.676 l 94.324 126.207 l 94.793 126.207 l 94.793
 125.734 l 94.324 125.734 l 94.324 125.262 l 93.852 125.262 l 93.852 125.734
 l 93.379 125.734 l 93.379 126.207 l 93.852 126.207 l h
93.852 126.676 m f
101.176 116.348 m 101.648 116.348 l 101.648 115.879 l 102.121 115.879 l
 102.121 115.406 l 101.648 115.406 l 101.648 114.934 l 101.176 114.934 l
 101.176 115.406 l 100.703 115.406 l 100.703 115.879 l 101.176 115.879 l
 h
101.176 116.348 m f
111.309 99.656 m 111.781 99.656 l 111.781 99.184 l 112.254 99.184 l 112.254
 98.711 l 111.781 98.711 l 111.781 98.242 l 111.309 98.242 l 111.309 98.711
 l 110.84 98.711 l 110.84 99.184 l 111.309 99.184 l h
111.309 99.656 m f
127.691 57.379 m 128.16 57.379 l 128.16 56.906 l 128.633 56.906 l 128.633
 56.438 l 128.16 56.438 l 128.16 55.965 l 127.691 55.965 l 127.691 56.438
 l 127.219 56.438 l 127.219 56.906 l 127.691 56.906 l h
127.691 57.379 m f
169.172 139.844 m 169.645 139.844 l 169.645 139.371 l 170.113 139.371 l
 170.113 138.902 l 169.645 138.902 l 169.645 138.43 l 169.172 138.43 l 169.172
 138.902 l 168.699 138.902 l 168.699 139.371 l 169.172 139.371 l h
169.172 139.844 m f
88.258 134.074 m 88.727 134.074 l 88.727 133.602 l 89.199 133.602 l 89.199
 133.129 l 88.727 133.129 l 88.727 132.66 l 88.258 132.66 l 88.258 133.129
 l 87.785 133.129 l 87.785 133.602 l 88.258 133.602 l h
88.258 134.074 m f
93.918 126.66 m 94.391 126.66 l 94.391 126.188 l 94.863 126.188 l 94.863
 125.719 l 94.391 125.719 l 94.391 125.246 l 93.918 125.246 l 93.918 125.719
 l 93.449 125.719 l 93.449 126.188 l 93.918 126.188 l h
93.918 126.66 m f
101.191 116.281 m 101.664 116.281 l 101.664 115.809 l 102.133 115.809 l
 102.133 115.34 l 101.664 115.34 l 101.664 114.867 l 101.191 114.867 l 101.191
 115.34 l 100.719 115.34 l 100.719 115.809 l 101.191 115.809 l h
101.191 116.281 m f
111.375 99.582 m 111.848 99.582 l 111.848 99.113 l 112.32 99.113 l 112.32
 98.641 l 111.848 98.641 l 111.848 98.168 l 111.375 98.168 l 111.375 98.641
 l 110.906 98.641 l 110.906 99.113 l 111.375 99.113 l h
111.375 99.582 m f
127.762 58.145 m 128.23 58.145 l 128.23 57.672 l 128.703 57.672 l 128.703
 57.203 l 128.23 57.203 l 128.23 56.73 l 127.762 56.73 l 127.762 57.203 
l 127.289 57.203 l 127.289 57.672 l 127.762 57.672 l h
127.762 58.145 m f
168.422 138.891 m 168.891 138.891 l 168.891 138.422 l 169.363 138.422 l
 169.363 137.949 l 168.891 137.949 l 168.891 137.477 l 168.422 137.477 l
 168.422 137.949 l 167.949 137.949 l 167.949 138.422 l 168.422 138.422 l
 h
168.422 138.891 m f
89.191 132.875 m 89.66 132.875 l 89.66 132.402 l 90.133 132.402 l 90.133
 131.93 l 89.66 131.93 l 89.66 131.461 l 89.191 131.461 l 89.191 131.93 
l 88.719 131.93 l 88.719 132.402 l 89.191 132.402 l h
89.191 132.875 m f
95.094 125.047 m 95.566 125.047 l 95.566 124.574 l 96.039 124.574 l 96.039
 124.105 l 95.566 124.105 l 95.566 123.633 l 95.094 123.633 l 95.094 124.105
 l 94.625 124.105 l 94.625 124.574 l 95.094 124.574 l h
95.094 125.047 m f
102.777 113.965 m 103.246 113.965 l 103.246 113.496 l 103.719 113.496 l
 103.719 113.023 l 103.246 113.023 l 103.246 112.551 l 102.777 112.551 l
 102.777 113.023 l 102.305 113.023 l 102.305 113.496 l 102.777 113.496 l
 h
102.777 113.965 m f
113.648 95.105 m 114.117 95.105 l 114.117 94.633 l 114.59 94.633 l 114.59
 94.164 l 114.117 94.164 l 114.117 93.691 l 113.648 93.691 l 113.648 94.164
 l 113.176 94.164 l 113.176 94.633 l 113.648 94.633 l h
113.648 95.105 m f
132.152 78.117 m 132.625 78.117 l 132.625 77.648 l 133.098 77.648 l 133.098
 77.176 l 132.625 77.176 l 132.625 76.703 l 132.152 76.703 l 132.152 77.176
 l 131.684 77.176 l 131.684 77.648 l 132.152 77.648 l h
132.152 78.117 m f
148.82 112.129 m 149.293 112.129 l 149.293 111.656 l 149.766 111.656 l 
149.766 111.184 l 149.293 111.184 l 149.293 110.715 l 148.82 110.715 l 148.82
 111.184 l 148.352 111.184 l 148.352 111.656 l 148.82 111.656 l h
148.82 112.129 m f
115.453 91.348 m 115.922 91.348 l 115.922 90.879 l 116.395 90.879 l 116.395
 90.406 l 115.922 90.406 l 115.922 89.934 l 115.453 89.934 l 115.453 90.406
 l 114.98 90.406 l 114.98 90.879 l 115.453 90.879 l h
115.453 91.348 m f
135.84 87.992 m 136.312 87.992 l 136.312 87.52 l 136.785 87.52 l 136.785
 87.047 l 136.312 87.047 l 136.312 86.578 l 135.84 86.578 l 135.84 87.047
 l 135.367 87.047 l 135.367 87.52 l 135.84 87.52 l h
135.84 87.992 m f
139.133 95.211 m 139.605 95.211 l 139.605 94.738 l 140.078 94.738 l 140.078
 94.27 l 139.605 94.27 l 139.605 93.797 l 139.133 93.797 l 139.133 94.27
 l 138.664 94.27 l 138.664 94.738 l 139.133 94.738 l h
139.133 95.211 m f
132.051 77.699 m 132.52 77.699 l 132.52 77.23 l 132.992 77.23 l 132.992
 76.758 l 132.52 76.758 l 132.52 76.285 l 132.051 76.285 l 132.051 76.758
 l 131.578 76.758 l 131.578 77.23 l 132.051 77.23 l h
132.051 77.699 m f
149.23 112.789 m 149.703 112.789 l 149.703 112.32 l 150.176 112.32 l 150.176
 111.848 l 149.703 111.848 l 149.703 111.375 l 149.23 111.375 l 149.23 111.848
 l 148.762 111.848 l 148.762 112.32 l 149.23 112.32 l h
149.23 112.789 m f
114.801 92.762 m 115.273 92.762 l 115.273 92.289 l 115.746 92.289 l 115.746
 91.82 l 115.273 91.82 l 115.273 91.348 l 114.801 91.348 l 114.801 91.82
 l 114.332 91.82 l 114.332 92.289 l 114.801 92.289 l h
114.801 92.762 m f
134.453 84.648 m 134.926 84.648 l 134.926 84.176 l 135.395 84.176 l 135.395
 83.707 l 134.926 83.707 l 134.926 83.234 l 134.453 83.234 l 134.453 83.707
 l 133.98 83.707 l 133.98 84.176 l 134.453 84.176 l h
134.453 84.648 m f
142.414 101.41 m 142.887 101.41 l 142.887 100.941 l 143.355 100.941 l 143.355
 100.469 l 142.887 100.469 l 142.887 99.996 l 142.414 99.996 l 142.414 100.469
 l 141.941 100.469 l 141.941 100.941 l 142.414 100.941 l h
142.414 101.41 m f
125.965 46.844 m 126.438 46.844 l 126.438 46.375 l 126.91 46.375 l 126.91
 45.902 l 126.438 45.902 l 126.438 45.43 l 125.965 45.43 l 125.965 45.902
 l 125.496 45.902 l 125.496 46.375 l 125.965 46.375 l h
125.965 46.844 m f
179.508 152.289 m 179.98 152.289 l 179.98 151.82 l 180.449 151.82 l 180.449
 151.348 l 179.98 151.348 l 179.98 150.875 l 179.508 150.875 l 179.508 151.348
 l 179.035 151.348 l 179.035 151.82 l 179.508 151.82 l h
179.508 152.289 m f
76.043 149.137 m 76.516 149.137 l 76.516 148.668 l 76.988 148.668 l 76.988
 148.195 l 76.516 148.195 l 76.516 147.723 l 76.043 147.723 l 76.043 148.195
 l 75.574 148.195 l 75.574 148.668 l 76.043 148.668 l h
76.043 149.137 m f
79.137 145.348 m 79.609 145.348 l 79.609 144.875 l 80.082 144.875 l 80.082
 144.402 l 79.609 144.402 l 79.609 143.934 l 79.137 143.934 l 79.137 144.402
 l 78.664 144.402 l 78.664 144.875 l 79.137 144.875 l h
79.137 145.348 m f
82.859 140.875 m 83.328 140.875 l 83.328 140.406 l 83.801 140.406 l 83.801
 139.934 l 83.328 139.934 l 83.328 139.461 l 82.859 139.461 l 82.859 139.934
 l 82.387 139.934 l 82.387 140.406 l 82.859 140.406 l h
82.859 140.875 m f
87.242 135.402 m 87.715 135.402 l 87.715 134.93 l 88.188 134.93 l 88.188
 134.457 l 87.715 134.457 l 87.715 133.988 l 87.242 133.988 l 87.242 134.457
 l 86.773 134.457 l 86.773 134.93 l 87.242 134.93 l h
87.242 135.402 m f
92.617 128.375 m 93.086 128.375 l 93.086 127.906 l 93.559 127.906 l 93.559
 127.434 l 93.086 127.434 l 93.086 126.961 l 92.617 126.961 l 92.617 127.434
 l 92.145 127.434 l 92.145 127.906 l 92.617 127.906 l h
92.617 128.375 m f
99.508 118.801 m 99.98 118.801 l 99.98 118.328 l 100.449 118.328 l 100.449
 117.855 l 99.98 117.855 l 99.98 117.387 l 99.508 117.387 l 99.508 117.855
 l 99.035 117.855 l 99.035 118.328 l 99.508 118.328 l h
99.508 118.801 m f
108.906 103.984 m 109.375 103.984 l 109.375 103.512 l 109.848 103.512 l
 109.848 103.043 l 109.375 103.043 l 109.375 102.57 l 108.906 102.57 l 108.906
 103.043 l 108.434 103.043 l 108.434 103.512 l 108.906 103.512 l h
108.906 103.984 m f
123.441 67.191 m 123.914 67.191 l 123.914 66.719 l 124.387 66.719 l 124.387
 66.25 l 123.914 66.25 l 123.914 65.777 l 123.441 65.777 l 123.441 66.25
 l 122.973 66.25 l 122.973 66.719 l 123.441 66.719 l h
123.441 67.191 m f
159.543 127.508 m 160.016 127.508 l 160.016 127.035 l 160.484 127.035 l
 160.484 126.566 l 160.016 126.566 l 160.016 126.094 l 159.543 126.094 l
 159.543 126.566 l 159.07 126.566 l 159.07 127.035 l 159.543 127.035 l h
159.543 127.508 m f
100.359 117.562 m 100.832 117.562 l 100.832 117.094 l 101.305 117.094 l
 101.305 116.621 l 100.832 116.621 l 100.832 116.148 l 100.359 116.148 l
 100.359 116.621 l 99.891 116.621 l 99.891 117.094 l 100.359 117.094 l h
100.359 117.562 m f
110.117 101.855 m 110.59 101.855 l 110.59 101.383 l 111.059 101.383 l 111.059
 100.91 l 110.59 100.91 l 110.59 100.441 l 110.117 100.441 l 110.117 100.91
 l 109.645 100.91 l 109.645 101.383 l 110.117 101.383 l h
110.117 101.855 m f
125.531 52.867 m 126.004 52.867 l 126.004 52.398 l 126.477 52.398 l 126.477
 51.926 l 126.004 51.926 l 126.004 51.453 l 125.531 51.453 l 125.531 51.926
 l 125.062 51.926 l 125.062 52.398 l 125.531 52.398 l h
125.531 52.867 m f
173.598 145.293 m 174.07 145.293 l 174.07 144.82 l 174.539 144.82 l 174.539
 144.348 l 174.07 144.348 l 174.07 143.879 l 173.598 143.879 l 173.598 144.348
 l 173.125 144.348 l 173.125 144.82 l 173.598 144.82 l h
173.598 145.293 m f
82.91 140.812 m 83.383 140.812 l 83.383 140.34 l 83.852 140.34 l 83.852
 139.871 l 83.383 139.871 l 83.383 139.398 l 82.91 139.398 l 82.91 139.871
 l 82.438 139.871 l 82.438 140.34 l 82.91 140.34 l h
82.91 140.812 m f
87.305 135.262 m 87.777 135.262 l 87.777 134.789 l 88.25 134.789 l 88.25
 134.32 l 87.777 134.32 l 87.777 133.848 l 87.305 133.848 l 87.305 134.32
 l 86.836 134.32 l 86.836 134.789 l 87.305 134.789 l h
87.305 135.262 m f
92.754 128.156 m 93.223 128.156 l 93.223 127.684 l 93.695 127.684 l 93.695
 127.215 l 93.223 127.215 l 93.223 126.742 l 92.754 126.742 l 92.754 127.215
 l 92.281 127.215 l 92.281 127.684 l 92.754 127.684 l h
92.754 128.156 m f
99.723 118.52 m 100.195 118.52 l 100.195 118.047 l 100.668 118.047 l 100.668
 117.578 l 100.195 117.578 l 100.195 117.105 l 99.723 117.105 l 99.723 117.578
 l 99.254 117.578 l 99.254 118.047 l 99.723 118.047 l h
99.723 118.52 m f
109.18 103.555 m 109.652 103.555 l 109.652 103.086 l 110.121 103.086 l 
110.121 102.613 l 109.652 102.613 l 109.652 102.141 l 109.18 102.141 l 109.18
 102.613 l 108.707 102.613 l 108.707 103.086 l 109.18 103.086 l h
109.18 103.555 m f
123.863 64.996 m 124.332 64.996 l 124.332 64.527 l 124.805 64.527 l 124.805
 64.055 l 124.332 64.055 l 124.332 63.582 l 123.863 63.582 l 123.863 64.055
 l 123.391 64.055 l 123.391 64.527 l 123.863 64.527 l h
123.863 64.996 m f
161.695 130.344 m 162.168 130.344 l 162.168 129.875 l 162.641 129.875 l
 162.641 129.402 l 162.168 129.402 l 162.168 128.93 l 161.695 128.93 l 161.695
 129.402 l 161.227 129.402 l 161.227 129.875 l 161.695 129.875 l h
161.695 130.344 m f
97.578 121.535 m 98.047 121.535 l 98.047 121.062 l 98.52 121.062 l 98.52
 120.594 l 98.047 120.594 l 98.047 120.121 l 97.578 120.121 l 97.578 120.594
 l 97.105 120.594 l 97.105 121.062 l 97.578 121.062 l h
97.578 121.535 m f
106.223 108.484 m 106.691 108.484 l 106.691 108.016 l 107.164 108.016 l
 107.164 107.543 l 106.691 107.543 l 106.691 107.07 l 106.223 107.07 l 106.223
 107.543 l 105.75 107.543 l 105.75 108.016 l 106.223 108.016 l h
106.223 108.484 m f
119.023 82.73 m 119.496 82.73 l 119.496 82.258 l 119.969 82.258 l 119.969
 81.785 l 119.496 81.785 l 119.496 81.316 l 119.023 81.316 l 119.023 81.785
 l 118.555 81.785 l 118.555 82.258 l 119.023 82.258 l h
119.023 82.73 m f
144.297 104.84 m 144.77 104.84 l 144.77 104.367 l 145.238 104.367 l 145.238
 103.895 l 144.77 103.895 l 144.77 103.426 l 144.297 103.426 l 144.297 103.895
 l 143.824 103.895 l 143.824 104.367 l 144.297 104.367 l h
144.297 104.84 m f
122.605 70.965 m 123.074 70.965 l 123.074 70.496 l 123.547 70.496 l 123.547
 70.023 l 123.074 70.023 l 123.074 69.551 l 122.605 69.551 l 122.605 70.023
 l 122.133 70.023 l 122.133 70.496 l 122.605 70.496 l h
122.605 70.965 m f
155.84 122.426 m 156.312 122.426 l 156.312 121.953 l 156.781 121.953 l 
156.781 121.484 l 156.312 121.484 l 156.312 121.012 l 155.84 121.012 l 155.84
 121.484 l 155.367 121.484 l 155.367 121.953 l 155.84 121.953 l h
155.84 122.426 m f
105.348 109.914 m 105.82 109.914 l 105.82 109.445 l 106.289 109.445 l 106.289
 108.973 l 105.82 108.973 l 105.82 108.5 l 105.348 108.5 l 105.348 108.973
 l 104.875 108.973 l 104.875 109.445 l 105.348 109.445 l h
105.348 109.914 m f
117.621 86.238 m 118.094 86.238 l 118.094 85.766 l 118.566 85.766 l 118.566
 85.297 l 118.094 85.297 l 118.094 84.824 l 117.621 84.824 l 117.621 85.297
 l 117.152 85.297 l 117.152 85.766 l 117.621 85.766 l h
117.621 86.238 m f
140.855 98.594 m 141.324 98.594 l 141.324 98.121 l 141.797 98.121 l 141.797
 97.652 l 141.324 97.652 l 141.324 97.18 l 140.855 97.18 l 140.855 97.652
 l 140.383 97.652 l 140.383 98.121 l 140.855 98.121 l h
140.855 98.594 m f
128.73 64.41 m 129.203 64.41 l 129.203 63.938 l 129.676 63.938 l 129.676
 63.465 l 129.203 63.465 l 129.203 62.996 l 128.73 62.996 l 128.73 63.465
 l 128.262 63.465 l 128.262 63.938 l 128.73 63.938 l h
128.73 64.41 m f
162.273 131.121 m 162.746 131.121 l 162.746 130.652 l 163.215 130.652 l
 163.215 130.18 l 162.746 130.18 l 162.746 129.707 l 162.273 129.707 l 162.273
 130.18 l 161.801 130.18 l 161.801 130.652 l 162.273 130.652 l h
162.273 131.121 m f
96.812 122.617 m 97.285 122.617 l 97.285 122.145 l 97.758 122.145 l 97.758
 121.672 l 97.285 121.672 l 97.285 121.203 l 96.812 121.203 l 96.812 121.672
 l 96.344 121.672 l 96.344 122.145 l 96.812 122.145 l h
96.812 122.617 m f
105.16 110.258 m 105.633 110.258 l 105.633 109.785 l 106.102 109.785 l 
106.102 109.312 l 105.633 109.312 l 105.633 108.84 l 105.16 108.84 l 105.16
 109.312 l 104.688 109.312 l 104.688 109.785 l 105.16 109.785 l h
105.16 110.258 m f
117.289 87.094 m 117.762 87.094 l 117.762 86.621 l 118.23 86.621 l 118.23
 86.148 l 117.762 86.148 l 117.762 85.68 l 117.289 85.68 l 117.289 86.148
 l 116.816 86.148 l 116.816 86.621 l 117.289 86.621 l h
117.289 87.094 m f
140.016 96.938 m 140.488 96.938 l 140.488 96.469 l 140.957 96.469 l 140.957
 95.996 l 140.488 95.996 l 140.488 95.523 l 140.016 95.523 l 140.016 95.996
 l 139.543 95.996 l 139.543 96.469 l 140.016 96.469 l h
140.016 96.938 m f
130.355 71.809 m 130.828 71.809 l 130.828 71.34 l 131.297 71.34 l 131.297
 70.867 l 130.828 70.867 l 130.828 70.395 l 130.355 70.395 l 130.355 70.867
 l 129.883 70.867 l 129.883 71.34 l 130.355 71.34 l h
130.355 71.809 m f
155.012 121.262 m 155.484 121.262 l 155.484 120.789 l 155.953 120.789 l
 155.953 120.316 l 155.484 120.316 l 155.484 119.848 l 155.012 119.848 l
 155.012 120.316 l 154.539 120.316 l 154.539 120.789 l 155.012 120.789 l
 h
155.012 121.262 m f
106.492 108.062 m 106.961 108.062 l 106.961 107.59 l 107.434 107.59 l 107.434
 107.121 l 106.961 107.121 l 106.961 106.648 l 106.492 106.648 l 106.492
 107.121 l 106.02 107.121 l 106.02 107.59 l 106.492 107.59 l h
106.492 108.062 m f
119.441 81.574 m 119.91 81.574 l 119.91 81.105 l 120.383 81.105 l 120.383
 80.633 l 119.91 80.633 l 119.91 80.16 l 119.441 80.16 l 119.441 80.633 
l 118.969 80.633 l 118.969 81.105 l 119.441 81.105 l h
119.441 81.574 m f
145.43 106.691 m 145.902 106.691 l 145.902 106.223 l 146.371 106.223 l 
146.371 105.75 l 145.902 105.75 l 145.902 105.277 l 145.43 105.277 l 145.43
 105.75 l 144.957 105.75 l 144.957 106.223 l 145.43 106.223 l h
145.43 106.691 m f
120.785 77.414 m 121.258 77.414 l 121.258 76.941 l 121.727 76.941 l 121.727
 76.469 l 121.258 76.469 l 121.258 75.996 l 120.785 75.996 l 120.785 76.469
 l 120.312 76.469 l 120.312 76.941 l 120.785 76.941 l h
120.785 77.414 m f
149.516 113.227 m 149.984 113.227 l 149.984 112.754 l 150.457 112.754 l
 150.457 112.285 l 149.984 112.285 l 149.984 111.812 l 149.516 111.812 l
 149.516 112.285 l 149.043 112.285 l 149.043 112.754 l 149.516 112.754 l
 h
149.516 113.227 m f
114.375 93.668 m 114.844 93.668 l 114.844 93.195 l 115.316 93.195 l 115.316
 92.723 l 114.844 92.723 l 114.844 92.254 l 114.375 92.254 l 114.375 92.723
 l 113.902 92.723 l 113.902 93.195 l 114.375 93.195 l h
114.375 93.668 m f
133.566 82.34 m 134.035 82.34 l 134.035 81.871 l 134.508 81.871 l 134.508
 81.398 l 134.035 81.398 l 134.035 80.926 l 133.566 80.926 l 133.566 81.398
 l 133.094 81.398 l 133.094 81.871 l 133.566 81.871 l h
133.566 82.34 m f
144.68 105.508 m 145.148 105.508 l 145.148 105.035 l 145.621 105.035 l 
145.621 104.562 l 145.148 104.562 l 145.148 104.094 l 144.68 104.094 l 144.68
 104.562 l 144.207 104.562 l 144.207 105.035 l 144.68 105.035 l h
144.68 105.508 m f
121.949 73.43 m 122.418 73.43 l 122.418 72.957 l 122.891 72.957 l 122.891
 72.488 l 122.418 72.488 l 122.418 72.016 l 121.949 72.016 l 121.949 72.488
 l 121.477 72.488 l 121.477 72.957 l 121.949 72.957 l h
121.949 73.43 m f
153.422 119.047 m 153.895 119.047 l 153.895 118.574 l 154.367 118.574 l
 154.367 118.102 l 153.895 118.102 l 153.895 117.633 l 153.422 117.633 l
 153.422 118.102 l 152.953 118.102 l 152.953 118.574 l 153.422 118.574 l
 h
153.422 119.047 m f
108.664 104.426 m 109.137 104.426 l 109.137 103.953 l 109.605 103.953 l
 109.605 103.484 l 109.137 103.484 l 109.137 103.012 l 108.664 103.012 l
 108.664 103.484 l 108.191 103.484 l 108.191 103.953 l 108.664 103.953 l
 h
108.664 104.426 m f
123.008 69.25 m 123.48 69.25 l 123.48 68.777 l 123.953 68.777 l 123.953
 68.309 l 123.48 68.309 l 123.48 67.836 l 123.008 67.836 l 123.008 68.309
 l 122.539 68.309 l 122.539 68.777 l 123.008 68.777 l h
123.008 69.25 m f
157.523 124.805 m 157.996 124.805 l 157.996 124.332 l 158.465 124.332 l
 158.465 123.863 l 157.996 123.863 l 157.996 123.391 l 157.523 123.391 l
 157.523 123.863 l 157.051 123.863 l 157.051 124.332 l 157.523 124.332 l
 h
157.523 124.805 m f
103.012 113.551 m 103.484 113.551 l 103.484 113.082 l 103.957 113.082 l
 103.957 112.609 l 103.484 112.609 l 103.484 112.137 l 103.012 112.137 l
 103.012 112.609 l 102.543 112.609 l 102.543 113.082 l 103.012 113.082 l
 h
103.012 113.551 m f
114.055 94.332 m 114.523 94.332 l 114.523 93.859 l 114.996 93.859 l 114.996
 93.387 l 114.523 93.387 l 114.523 92.918 l 114.055 92.918 l 114.055 93.387
 l 113.582 93.387 l 113.582 93.859 l 114.055 93.859 l h
114.055 94.332 m f
132.914 80.434 m 133.387 80.434 l 133.387 79.965 l 133.855 79.965 l 133.855
 79.492 l 133.387 79.492 l 133.387 79.02 l 132.914 79.02 l 132.914 79.492
 l 132.441 79.492 l 132.441 79.965 l 132.914 79.965 l h
132.914 80.434 m f
146.551 108.52 m 147.02 108.52 l 147.02 108.047 l 147.492 108.047 l 147.492
 107.574 l 147.02 107.574 l 147.02 107.105 l 146.551 107.105 l 146.551 107.574
 l 146.078 107.574 l 146.078 108.047 l 146.551 108.047 l h
146.551 108.52 m f
118.992 82.742 m 119.465 82.742 l 119.465 82.27 l 119.938 82.27 l 119.938
 81.797 l 119.465 81.797 l 119.465 81.328 l 118.992 81.328 l 118.992 81.797
 l 118.523 81.797 l 118.523 82.27 l 118.992 82.27 l h
118.992 82.742 m f
144.285 104.793 m 144.758 104.793 l 144.758 104.32 l 145.23 104.32 l 145.23
 103.852 l 144.758 103.852 l 144.758 103.379 l 144.285 103.379 l 144.285
 103.852 l 143.816 103.852 l 143.816 104.32 l 144.285 104.32 l h
144.285 104.793 m f
122.648 70.715 m 123.121 70.715 l 123.121 70.242 l 123.59 70.242 l 123.59
 69.77 l 123.121 69.77 l 123.121 69.301 l 122.648 69.301 l 122.648 69.77
 l 122.176 69.77 l 122.176 70.242 l 122.648 70.242 l h
122.648 70.715 m f
156.086 122.816 m 156.559 122.816 l 156.559 122.344 l 157.031 122.344 l
 157.031 121.875 l 156.559 121.875 l 156.559 121.402 l 156.086 121.402 l
 156.086 121.875 l 155.617 121.875 l 155.617 122.344 l 156.086 122.344 l
 h
156.086 122.816 m f
104.965 110.559 m 105.438 110.559 l 105.438 110.086 l 105.906 110.086 l
 105.906 109.617 l 105.438 109.617 l 105.438 109.145 l 104.965 109.145 l
 104.965 109.617 l 104.492 109.617 l 104.492 110.086 l 104.965 110.086 l
 h
104.965 110.559 m f
116.992 87.863 m 117.461 87.863 l 117.461 87.391 l 117.934 87.391 l 117.934
 86.922 l 117.461 86.922 l 117.461 86.449 l 116.992 86.449 l 116.992 86.922
 l 116.52 86.922 l 116.52 87.391 l 116.992 87.391 l h
116.992 87.863 m f
139.262 95.562 m 139.73 95.562 l 139.73 95.09 l 140.203 95.09 l 140.203
 94.621 l 139.73 94.621 l 139.73 94.148 l 139.262 94.148 l 139.262 94.621
 l 138.789 94.621 l 138.789 95.09 l 139.262 95.09 l h
139.262 95.562 m f
131.707 76.719 m 132.176 76.719 l 132.176 76.246 l 132.648 76.246 l 132.648
 75.777 l 132.176 75.777 l 132.176 75.305 l 131.707 75.305 l 131.707 75.777
 l 131.234 75.777 l 131.234 76.246 l 131.707 76.246 l h
131.707 76.719 m f
150.195 114.262 m 150.668 114.262 l 150.668 113.789 l 151.137 113.789 l
 151.137 113.316 l 150.668 113.316 l 150.668 112.848 l 150.195 112.848 l
 150.195 113.316 l 149.723 113.316 l 149.723 113.789 l 150.195 113.789 l
 h
150.195 114.262 m f
113.359 95.688 m 113.828 95.688 l 113.828 95.219 l 114.301 95.219 l 114.301
 94.746 l 113.828 94.746 l 113.828 94.273 l 113.359 94.273 l 113.359 94.746
 l 112.887 94.746 l 112.887 95.219 l 113.359 95.219 l h
113.359 95.688 m f
131.582 76.348 m 132.055 76.348 l 132.055 75.875 l 132.523 75.875 l 132.523
 75.406 l 132.055 75.406 l 132.055 74.934 l 131.582 74.934 l 131.582 75.406
 l 131.109 75.406 l 131.109 75.875 l 131.582 75.875 l h
131.582 76.348 m f
150.559 114.812 m 151.031 114.812 l 151.031 114.34 l 151.5 114.34 l 151.5
 113.867 l 151.031 113.867 l 151.031 113.395 l 150.559 113.395 l 150.559
 113.867 l 150.086 113.867 l 150.086 114.34 l 150.559 114.34 l h
150.559 114.812 m f
112.82 96.844 m 113.289 96.844 l 113.289 96.371 l 113.762 96.371 l 113.762
 95.898 l 113.289 95.898 l 113.289 95.43 l 112.82 95.43 l 112.82 95.898 
l 112.348 95.898 l 112.348 96.371 l 112.82 96.371 l h
112.82 96.844 m f
130.449 72.27 m 130.922 72.27 l 130.922 71.801 l 131.395 71.801 l 131.395
 71.328 l 130.922 71.328 l 130.922 70.855 l 130.449 70.855 l 130.449 71.328
 l 129.98 71.328 l 129.98 71.801 l 130.449 71.801 l h
130.449 72.27 m f
154.559 120.625 m 155.031 120.625 l 155.031 120.156 l 155.5 120.156 l 155.5
 119.684 l 155.031 119.684 l 155.031 119.211 l 154.559 119.211 l 154.559
 119.684 l 154.086 119.684 l 154.086 120.156 l 154.559 120.156 l h
154.559 120.625 m f
107.113 107.02 m 107.586 107.02 l 107.586 106.547 l 108.055 106.547 l 108.055
 106.074 l 107.586 106.074 l 107.586 105.605 l 107.113 105.605 l 107.113
 106.074 l 106.641 106.074 l 106.641 106.547 l 107.113 106.547 l h
107.113 107.02 m f
120.465 78.406 m 120.938 78.406 l 120.938 77.934 l 121.406 77.934 l 121.406
 77.461 l 120.938 77.461 l 120.938 76.992 l 120.465 76.992 l 120.465 77.461
 l 119.992 77.461 l 119.992 77.934 l 120.465 77.934 l h
120.465 78.406 m f
148.539 111.707 m 149.012 111.707 l 149.012 111.234 l 149.484 111.234 l
 149.484 110.766 l 149.012 110.766 l 149.012 110.293 l 148.539 110.293 l
 148.539 110.766 l 148.07 110.766 l 148.07 111.234 l 148.539 111.234 l h
148.539 111.707 m f
115.863 90.453 m 116.336 90.453 l 116.336 89.98 l 116.809 89.98 l 116.809
 89.512 l 116.336 89.512 l 116.336 89.039 l 115.863 89.039 l 115.863 89.512
 l 115.395 89.512 l 115.395 89.98 l 115.863 89.98 l h
115.863 90.453 m f
136.719 90.137 m 137.191 90.137 l 137.191 89.664 l 137.66 89.664 l 137.66
 89.195 l 137.191 89.195 l 137.191 88.723 l 136.719 88.723 l 136.719 89.195
 l 136.246 89.195 l 136.246 89.664 l 136.719 89.664 l h
136.719 90.137 m f
137.031 90.812 m 137.5 90.812 l 137.5 90.344 l 137.973 90.344 l 137.973
 89.871 l 137.5 89.871 l 137.5 89.398 l 137.031 89.398 l 137.031 89.871 
l 136.559 89.871 l 136.559 90.344 l 137.031 90.344 l h
137.031 90.812 m f
136.363 89.238 m 136.836 89.238 l 136.836 88.766 l 137.309 88.766 l 137.309
 88.297 l 136.836 88.297 l 136.836 87.824 l 136.363 87.824 l 136.363 88.297
 l 135.895 88.297 l 135.895 88.766 l 136.363 88.766 l h
136.363 89.238 m f
137.91 92.758 m 138.383 92.758 l 138.383 92.285 l 138.855 92.285 l 138.855
 91.816 l 138.383 91.816 l 138.383 91.344 l 137.91 91.344 l 137.91 91.816
 l 137.441 91.816 l 137.441 92.285 l 137.91 92.285 l h
137.91 92.758 m f
134.457 84.703 m 134.93 84.703 l 134.93 84.234 l 135.398 84.234 l 135.398
 83.762 l 134.93 83.762 l 134.93 83.289 l 134.457 83.289 l 134.457 83.762
 l 133.984 83.762 l 133.984 84.234 l 134.457 84.234 l h
134.457 84.703 m f
142.359 101.414 m 142.832 101.414 l 142.832 100.941 l 143.301 100.941 l
 143.301 100.473 l 142.832 100.473 l 142.832 100 l 142.359 100 l 142.359
 100.473 l 141.887 100.473 l 141.887 100.941 l 142.359 100.941 l h
142.359 101.414 m f
125.965 46.918 m 126.438 46.918 l 126.438 46.445 l 126.906 46.445 l 126.906
 45.977 l 126.438 45.977 l 126.438 45.504 l 125.965 45.504 l 125.965 45.977
 l 125.492 45.977 l 125.492 46.445 l 125.965 46.445 l h
125.965 46.918 m f
179.438 152.18 m 179.906 152.18 l 179.906 151.711 l 180.379 151.711 l 180.379
 151.238 l 179.906 151.238 l 179.906 150.766 l 179.438 150.766 l 179.438
 151.238 l 178.965 151.238 l 178.965 151.711 l 179.438 151.711 l h
179.438 152.18 m f
76.152 149.016 m 76.621 149.016 l 76.621 148.543 l 77.094 148.543 l 77.094
 148.074 l 76.621 148.074 l 76.621 147.602 l 76.152 147.602 l 76.152 148.074
 l 75.68 148.074 l 75.68 148.543 l 76.152 148.543 l h
76.152 149.016 m f
79.258 145.203 m 79.727 145.203 l 79.727 144.73 l 80.199 144.73 l 80.199
 144.258 l 79.727 144.258 l 79.727 143.789 l 79.258 143.789 l 79.258 144.258
 l 78.785 144.258 l 78.785 144.73 l 79.258 144.73 l h
79.258 145.203 m f
83 140.699 m 83.473 140.699 l 83.473 140.227 l 83.941 140.227 l 83.941 
139.754 l 83.473 139.754 l 83.473 139.285 l 83 139.285 l 83 139.754 l 82.527
 139.754 l 82.527 140.227 l 83 140.227 l h
83 140.699 m f
87.418 135.16 m 87.891 135.16 l 87.891 134.688 l 88.359 134.688 l 88.359
 134.219 l 87.891 134.219 l 87.891 133.746 l 87.418 133.746 l 87.418 134.219
 l 86.945 134.219 l 86.945 134.688 l 87.418 134.688 l h
87.418 135.16 m f
92.852 128.004 m 93.324 128.004 l 93.324 127.535 l 93.797 127.535 l 93.797
 127.062 l 93.324 127.062 l 93.324 126.59 l 92.852 126.59 l 92.852 127.062
 l 92.383 127.062 l 92.383 127.535 l 92.852 127.535 l h
92.852 128.004 m f
99.871 118.258 m 100.344 118.258 l 100.344 117.789 l 100.816 117.789 l 
100.816 117.316 l 100.344 117.316 l 100.344 116.844 l 99.871 116.844 l 99.871
 117.316 l 99.402 117.316 l 99.402 117.789 l 99.871 117.789 l h
99.871 118.258 m f
109.434 103.09 m 109.906 103.09 l 109.906 102.617 l 110.379 102.617 l 110.379
 102.145 l 109.906 102.145 l 109.906 101.676 l 109.434 101.676 l 109.434
